2334
2334
2334
2335
2336
2336
2337
2337
2338
2338
2338
2340
2343
2344
2348
2348
2349
2351
2351
2352
2352
2353
2353
2356
2356
2357
2358
2358
2359
2360
2360
2361
2364
2364
2365
2365
2366
2367
2372
2375
2375
2375
2376
2380
2380
2383
2383
2384
2384
2385
2386
2387
2388
2389
2389
2390
2390
2390
2394
2397
2398
2399
2402
2402
2405
2406
2406
2406
2406
2407
2407
2408
2409
2414
2415
2415
2417
2419
2420
2422
2422
2423
2425
2426
2426
2427
2428
2430
2430
2431
2431
2431
2434
2434
2435
2435
2435
2436
2437
2438
2438
2441
2441
2442
2442
2442
2443
2445
2449
2455
2458
2458
2464
2465
2466
2467
2469
2472
2473
2474
2475
2475
2475
2476
2476
2477
2477
2477
2477
2477
2478
2479
2480
2481
2482
2482
2482
2482
2484
2485
2485
2488
2489
2489
2490
2492
2493
2495
2495
2498
2498
2500
2500
2503
2504
2508
2508
2508
2509
2510
2511
2511
2516
2518
2519
2522
2523
2523
2524
2527
2527
2528
2530
2532
2532
2532
2535
2538
2538
2539
2541
2542
2543
2546
2548
2548
2549
2549
2552
2553
2553
2557
2560
2560
2560
2562
2568
2570
2571
2573
2573
2579
2580
2580
2580
2581
2584
2585
2586
2588
2590
2591
2592
2594
2595
2596
2600
2603
2604
2605
2606
2607
2608
2612
2613
2614
2615
2615
2620
2620
2621
2621
2623
2625
2625
2626
2626
2627
2628
2629
2630
2630
2632
2632
2633
2635
2636
2640
2642
2642
2648
2649
2649
2650
2650
2652
2655
2655
2657
2657
2660
2660
2661
2661
2663
2663
2670
2671
2671
2672
2672
2675
2675
2675
2675
2675
2676
2676
2681
2682
2683
2683
2684
2686
2686
2687
2687
2688
2688
2691
2692
2693
2695
2695
2696
2698
2698
2704
2704
2707
2708
2710
2710
2710
2710
2711
2712
2715
2715
2715
2716
2720
2721
2722
2722
2724
2725
2726
2727
2731
2731
2734
2735
2735
2736
2739
2739
2740
2740
2741
2741
2742
2747
2749
2749
2749
2750
2751
2752
2754
2755
2756
2757
2759
2761
2761
2765
2766
2766
2769
2770
2774
2774
2777
2779
2779
2781
2783
2786
2788
2789
2791
2791
2794
2795
2799
2800
2800
2801
2802
2802
2802
2802
2803
2804
2804
2805
2806
2806
2811
2812
2813
2814
2815
2815
2815
2815
2816
2819
2819
2820
2821
2822
2822
2822
2822
2823
2824
2826
2828
2828
2828
2830
2833
2834
2834
2836
2839
2840
2841
2842
2845
2845
2845
2845
2846
2847
2848
2848
2849
2850
2855
2857
2857
2858
2858
2859
2860
2861
2863
2864
2864
2865
2866
2869
2869
2872
2872
2873
2873
2874
2874
2877
2880
2880
2882
2884
2884
2884
2889
2891
2893
2894
2896
2896
2896
2897
2898
2901
2902
2902
2903
2906
2906
2908
2909
2914
2914
2916
2917
2918
2920
2922
2923
2924
2924
2926
2927
2928
2928
2929
2929
2930
2934
2937
2939
2943
2944
2945
2947
2948
2949
2949
2953
2956
2958
2962
2963
2965
2965
2967
2968
2969
2971
2975
2975
2976
2977
2977
2978
2979
2981
2982
2983
2984
2984
2986
2987
2988
2993
3001
3004
3005
3005
3009
3010
3011
3013
3014
3014
3015
3018
3019
3019
3019
3020
3020
3021
3021
3022
3022
3024
3027
3027
3027
3032
3033
3033
3040
3041
3041
3043
3046
3046
3046
3047
3050
3051
3053
3055
3055
3058
3059
3059
3060
3060
3062
3062
3064
3064
3065
3068
3069
3070
3072
3072
3075
3084
3084
3085
3085
3087
3092
3093
3094
3094
3095
3096
3099
3099
3100
3102
3104
3104
3104
3104
3105
3105
3105
3112
3112
3114
3115
3115
3116
3117
3117
3118
3118
3120
3123
3124
3130
3131
3132
3133
3133
3134
3134
3135
3136
3138
3138
3141
3145
3145
3146
3147
3147
3147
3150
3152
3153
3155
3155
3160
3160
3162
3165
3168
3169
3170
3170
3170
3172
3173
3174
3176
3177
3179
3183
3192
3192
3194
3196
3197
3197
3198
3199
3203
3204
3206
3206
3207
3209
3210
3214
3214
3214
3215
3215
3217
3220
3221
3223
3225
3227
3227
3229
3233
3233
3237
3238
3238
3240
3241
3241
3242
3242
3246
3247
3247
3247
3247
3249
3251
3252
3252
3252
3252
3255
3256
3257
3257
3257
3258
3259
3262
3262
3264
3265
3265
3265
3266
3268
3268
3269
3269
3270
3274
3274
3278
3279
3280
3281
3283
3286
3288
3288
3289
3289
3290
3290
3293
3298
3300
3303
3303
3307
3309
3315
3315
3315
3317
3317
3320
3323
3326
3329
3329
3330
3331
3332
3332
3334
3335
3337
3338
3340
3341
3344
3344
3345
3352
3353
3353
3353
3354
3355
3355
3356
3356
3357
3358
3358
3361
3361
3362
3364
3365
3366
3366
3368
3368
3369
3369
3369
3370
3371
3373
3376
3377
3377
3377
3378
3379
3384
3386
3386
3386
3389
3392
3393
3396
3397
3399
3402
3402
3403
3405
3405
3406
3407
3408
3411
3411
3412
3412
3412
3412
3414
3415
3416
3416
3417
3417
3418
3421
3422
3422
3425
3426
3427
3428
3430
3431
3431
3436
3437
3438
3440
3441
3442
3442
3443
3444
3444
3445
3447
3447
3447
3448
3449
3449
3449
3450
3450
3450
3450
3450
3450
3452
3453
3455
3457
3460
3460
3465
3465
3465
3467
3468
3469
3470
3470
3470
3471
3471
3476
3478
3479
3480
3482
3482
3484
3486
3487
3488
3490
3496
3496
3496
3499
3500
3500
3500
3500
3501
3502
3503
3505
3506
3507
3507
3511
3511
3511
3512
3513
3514
3515
3515
3516
3516
3521
3521
3521
3522
3523
3525
3528
3529
3529
3531
3531
3532
3536
3536
3538
3539
3543
3545
3548
3548
3548
3549
3549
3550
3551
3553
3554
3555
3558
3558
3558
3560
3561
3566
3568
3569
3569
3570
3570
3570
3571
3574
3576
3576
3577
3579
3585
3586
3586
3587
3590
3591
3593
3593
3594
3598
3598
3599
3600
3605
3607
3607
3608
3608
3608
3612
3613
3614
3616
3617
3621
3623
3624
3626
3628
3629
3629
3629
3630
3630
3632
3632
3635
3638
3638
3639
3641
3646
3647
3648
3650
3651
3652
3653
3654
3654
3654
3655
3655
3656
3656
3659
3660
3660
3661
3662
3663
3664
3668
3668
3673
3673
3674
3676
3677
3680
3682
3682
3684
3684
3686
3690
3690
3692
3693
3697
3701
3704
3705
3707
3711
3711
3711
3713
3713
3714
3715
3716
3716
3717
3717
3718
3721
3721
3721
3723
3723
3724
3724
3725
3725
3726
3728
3729
3731
3735
3737
3738
3739
3739
3740
3740
3741
3742
3743
3743
3743
3744
3744
3745
3750
3750
3752
3752
3753
3754
3754
3755
3758
3758
3760
3761
3761
3762
3763
3764
