4413
4413
4414
4416
4416
4419
4419
4421
4422
4423
4426
4428
4428
4429
4430
4432
4432
4433
4435
4439
4440
4440
4441
4444
4445
4448
4448
4451
4451
4452
4452
4453
4456
4456
4457
4457
4459
4459
4462
4463
4463
4464
4465
4465
4466
4467
4473
4474
4476
4477
4480
4481
4481
4484
4484
4486
4486
4487
4488
4490
4491
4492
4492
4494
4495
4496
4498
4499
4502
4505
4506
4510
4513
4515
4516
4517
4518
4521
4522
4523
4523
4523
4524
4524
4526
4527
4531
4532
4533
4534
4534
4535
4537
4537
4540
4541
4541
4542
4545
4546
4547
4547
4549
4551
4554
4556
4557
4558
4560
4560
4563
4565
4566
4566
4568
4569
4571
4573
4573
4575
4577
4577
4577
4580
4580
4581
4584
4587
4587
4587
4587
4590
4590
4592
4595
4596
4603
4607
4607
4609
4610
4611
4612
4613
4613
4613
4615
4615
4616
4617
4621
4622
4624
4627
4627
4631
4631
4634
4635
4635
4638
4641
4642
4643
4644
4644
4645
4648
4653
4654
4655
4655
4656
4664
4664
4665
4668
4669
4669
4672
4676
4676
4676
4676
4677
4677
4679
4679
4684
4685
4685
4686
4686
4688
4688
4689
4692
4697
4698
4700
4700
4700
4701
4702
4706
4706
4710
4711
4711
4711
4712
4717
4718
4720
4721
4721
4722
4725
4726
4728
4728
4730
4730
4731
4731
4732
4732
4733
4735
4735
4736
4736
4737
4737
4738
4738
4739
4739
4739
4741
4742
4743
4744
4745
4749
4750
4750
4751
4752
4752
4755
4755
4756
4756
4756
4761
4761
4765
4765
4766
4767
4768
4771
4771
4772
4775
4775
4776
4779
4780
4780
4782
4784
4784
4785
4786
4786
4787
4789
4791
4793
4794
4794
4795
4796
4796
4797
4797
4797
4799
4800
4800
4805
4805
4807
4807
4807
4810
4811
4812
4812
4812
4813
4817
4817
4818
4818
4818
4819
4822
4822
4824
4826
4827
4828
4832
4832
4833
4835
4837
4839
4842
4845
4845
4845
4846
4846
4849
4852
4854
4859
4859
4861
4864
4871
4873
4873
4873
4874
4874
4875
4876
4877
4878
4879
4880
4880
4881
4883
4884
4886
4887
4888
4889
4890
4890
4895
4895
4896
4896
4898
4899
4900
4903
4908
4908
4909
4909
4909
4911
4912
4912
4913
4914
4915
4916
4918
4922
4924
4924
4925
4926
4926
4927
4927
4927
4929
4936
4936
4937
4937
4939
4940
4940
4940
4945
4948
4948
4950
4952
4957
4958
4959
4960
4961
4961
4962
4963
4967
4968
4969
4969
4977
4977
4977
4981
4983
4984
4984
4985
4986
4987
4987
4987
4989
4990
4991
4993
4993
4996
4997
4998
4998
5000
5002
5003
5004
5007
5009
5009
5011
5012
5013
5015
5015
5016
5017
5020
5020
5021
5023
5025
5026
5026
5027
5029
5029
5029
5030
5030
5031
5032
5032
5032
5033
5034
5035
5035
5036
5037
5037
5038
5039
5040
5040
5041
5045
5045
5048
5048
5049
5051
5051
5052
5052
5054
5054
5054
5055
5055
5057
5058
5058
5058
5059
5059
5059
5060
5061
5062
5062
5063
5066
5067
5070
5072
5072
5072
5075
5075
5075
5076
5078
5080
5082
5082
5083
5085
5085
5087
5088
5088
5091
5097
5098
5099
5099
5103
5104
5105
5105
5107
5109
5110
5110
5112
5112
5112
5112
5119
5119
5119
5120
5121
5122
5122
5123
5124
5125
5126
5127
5128
5129
5129
5130
5131
5133
5136
5137
5138
5139
5141
5141
5142
5142
5143
5144
5144
5144
5147
5148
5148
5149
5149
5149
5153
5158
5160
5163
5165
5165
5167
5167
5169
5171
5171
5172
5174
5176
5177
5179
5179
5180
5183
5188
5194
5197
5198
5198
5198
5198
5198
5198
5199
5201
5203
5204
5204
5206
5206
5210
5210
5211
5211
5212
5214
5215
5215
5218
5219
5219
5220
5221
5223
5225
5225
5225
5226
5226
5228
5229
5229
5230
5230
5230
5230
5234
5234
5235
5235
5236
5237
5238
5244
5245
5246
5247
5248
5249
5252
5254
5255
5256
5257
5258
5261
5261
5264
5265
5265
5266
5267
5268
5269
5271
5274
5275
5276
5276
5276
5277
5279
5280
5284
5284
5287
5289
5289
5289
5290
5290
5293
5293
5293
5294
5296
5296
5297
5297
5299
5300
5301
5301
5304
5304
5304
5305
5307
5307
5309
5309
5310
5311
5312
5315
5318
5319
5320
5320
5329
5331
5332
5336
5337
5339
5339
5340
5340
5341
5344
5345
5345
5346
5347
5350
5350
5350
5351
5352
5352
5356
5362
5363
5363
5365
5365
5366
5369
5369
5374
5375
5378
5378
5385
5385
5387
5387
5390
5390
5391
5395
5396
5399
5400
5400
5401
5402
5403
5404
5404
5407
5409
5410
5410
5412
5412
5412
5413
5413
5416
5416
5417
5417
5419
5420
5421
5427
5427
5429
5429
5431
5432
5433
5434
5434
5435
5436
5436
5437
5437
5439
5441
5442
5442
5444
5445
5445
5446
5446
5449
5450
5450
5451
5452
5457
5458
5458
5463
5465
5468
5469
5470
5471
5471
5472
5475
5475
5477
5478
5479
5479
5480
5481
5481
5482
5482
5485
5487
5487
5487
5489
5491
5498
5498
5498
5499
5502
5503
5505
5507
5507
5508
5510
5511
5511
5513
5513
5515
5515
5518
5519
5522
5524
5524
5526
5526
5526
5527
5530
5531
5531
5533
5535
5539
5539
5540
5541
5543
5544
5545
5546
5549
5550
5551
5552
5552
5552
5553
5554
5555
5556
5556
5558
5558
5559
5559
5561
5561
5563
5563
5567
5568
5568
5571
5572
5572
5576
5579
5585
5586
5589
5591
5591
5594
5594
5595
5597
5599
5600
5601
5604
5604
5605
5606
5607
5608
5608
5609
5609
5609
5610
5611
5614
5614
5614
5616
5618
5618
5619
5620
5620
5622
5622
5622
5623
5625
5626
5627
5629
5630
5631
5632
5633
5634
5636
5636
5638
5644
5644
5646
5646
5646
5651
5655
5656
5657
5660
5660
5663
5664
5666
5668
5669
5671
5671
5673
5674
5674
5674
5675
5676
5679
5680
5680
5681
5682
5688
5690
5690
5690
5691
5692
5693
5694
5694
5695
5695
5696
5696
5697
5697
5697
5698
5699
5702
5704
5706
5707
5707
5708
5711
5713
5716
5717
5717
5718
5719
5721
5723
5725
5728
5728
5730
5730
5730
5731
5731
5733
5734
5735
5737
5738
5739
5739
5740
5742
5744
5744
5746
5747
5748
5749
5750
5752
5753
5757
5762
5763
5766
5768
5770
5771
5772
5772
5774
5778
5779
5780
5780
5781
5782
5782
5785
5787
5788
5788
5789
5794
5797
5797
5798
5798
5800
5803
5804
5805
5807
5808
5812
5814
5814
5815
5817
5822
5825
5825
5826
5827
5830
5831
5831
5833
5837
5839
5839
5839
5840
5840
5841
5842
5843
5845
5850
5851
5851
5851
5853
5856
5856
5856
5857
5861
5861
5863
5863
5864
5865
5865
5869
5870
5872
5872
5876
5878
5879
5880
5880
5881
5883
5885
5885
5887
5887
5889
5890
5891
5897
5900
5902
5903
5903
5904
5904
5905
5906
5906
5907
5909
5911
5914
5914
5914
5918
5920
5921
5924
5927
5927
5928
5928
5929
5929
5929
5929
5931
5931
5932
5932
5935
5935
5936
5939
5940
5941
5942
5943
5943
5943
5945
5946
5949
5950
5950
5953
5953
5954
5955
5957
5960
5965
5966
5966
5966
5968
5969
5971
5972
5973
5977
5977
5979
5982
5985
5990
5990
5991
5991
5992
5993
5994
5998
6003
6006
6009
6009
6010
6011
6013
6013
6014
6015
6015
6016
6017
6018
6019
6020
6020
6021
6022
6022
6022
6025
6025
6026
6027
6027
6032
6033
6033
6034
6034
6035
6036
6037
6038
6038
6038
6039
6040
6047
6051
6053
6054
6055
6056
6056
6057
6057
6061
6061
6063
6067
6068
6069
6070
6072
6074
6075
6076
6077
6078
6078
6078
6079
6079
6080
6080
6081
6082
6083
6085
6086
6087
6088
6091
6092
6093
6093
6093
6095
6095
6096
6096
6096
6096
6097
6098
6098
6098
6099
6099
6099
6100
6101
6103
6104
6105
6107
6107
6109
6114
6116
6116
6118
6119
6120
6120
6121
6121
6122
6123
6123
6124
6129
6130
6130
6130
6133
6135
6136
6137
6138
6138
6140
6144
6144
6147
6147
6149
6150
6150
6150
6151
6154
6154
6158
6160
6162
6164
6165
6165
6166
6169
6170
6170
6170
6173
6173
6173
6175
6177
6177
6178
6179
6179
6180
6180
6180
6184
6186
6187
6187
6189
6189
6189
6189
6191
6191
6192
6192
6194
6194
6195
6196
6197
6198
6199
6199
6202
6203
6204
6204
6207
6208
6209
6211
6211
6211
6212
6213
6213
6215
6217
6220
6222
6223
6224
6225
6226
6226
6227
6229
6229
6229
6230
6232
6232
6233
6234
6234
6235
6235
6237
6238
6239
6242
6244
6245
6246
6246
6247
6250
6251
6253
6254
6254
6259
6259
6260
6261
6261
6262
6262
6262
6263
6264
6265
6265
6266
6266
6266
6269
6269
6272
6273
6273
6274
6276
6280
6282
6282
6282
6282
6287
6290
6291
6292
6293
6297
6298
6299
6300
6300
6304
6304
6305
6305
6305
6307
6307
6307
6308
6310
6313
6315
6315
6317
6318
6320
6323
6325
6325
6326
6328
6331
6332
6333
6333
6335
6335
6338
6341
6342
6344
6344
6344
6345
6345
6346
6347
6347
6348
6349
6349
6351
6351
6351
6351
6352
6353
6353
6354
6355
6355
6359
6361
6362
6363
6364
6365
6365
6365
6365
6367
6367
6368
6369
6371
6371
6372
6376
6378
6380
6381
6383
6386
6386
6387
6388
6390
6390
6392
6393
6397
6397
6398
6398
6398
6399
6400
6401
6402
6404
6406
6407
6408
6408
6408
6410
6411
6411
6411
6417
6418
6420
6420
6421
6422
6423
6426
6427
6428
6431
6431
6435
6436
6438
6440
6441
6441
6443
6444
6444
6446
6446
6450
6451
6453
6455
6458
6458
6458
6460
6463
6465
6466
6469
6469
6472
6473
6474
6477
6478
6479
6481
6481
6483
6483
6484
6485
6486
6488
6490
6492
6495
6497
6498
6501
6503
6503
6505
6510
6511
6512
6512
6514
6516
6516
6518
6519
6520
6523
6524
6525
6526
6528
6529
6531
6531
6536
6537
6539
6539
6539
6541
6542
6542
6543
6544
6546
6546
6546
6548
6548
6551
6552
6552
6553
6556
6560
6560
6560
6560
6564
6565
6566
6566
6568
6569
6571
6575
6575
6578
6578
6581
6581
6582
6584
6584
6584
6591
6592
6594
6595
6595
6596
6596
6599
6601
6604
6606
6607
6608
6608
6608
6608
6608
6609
6611
6611
6611
6612
6613
6613
6614
6617
6618
6618
6620
6620
6620
6622
6622
6624
6624
6626
6626
6626
6629
6630
6631
6633
6636
6637
6640
6641
6642
6645
6645
6648
6651
6652
6652
6654
6654
6655
6655
6655
6656
6658
6659
6659
6659
6659
6661
6662
6662
6663
6663
6669
6669
6672
6673
6674
6674
6674
6675
6677
6679
6679
6679
6682
6682
6684
6684
6687
6688
6688
6691
6691
6693
6694
6694
6698
6698
6698
6699
6699
6704
6706
6706
6707
6708
6708
6708
6708
6711
6713
6713
6714
6717
6721
6722
6724
6728
6728
6729
6729
6731
6732
6732
6735
6735
6736
6739
6742
6746
6746
6746
6748
6748
6749
6751
6752
6752
6752
6753
6753
6753
6755
6756
6757
6758
6761
6762
6764
6766
6766
6768
6770
6771
6772
6773
6775
6776
6778
6782
6783
6784
6785
6785
6786
6789
6793
6794
6798
6800
6801
6801
6802
6803
6803
6804
6805
6806
6806
6806
6810
6810
6813
6814
6815
6818
6820
6820
6821
6823
6824
6825
6826
6826
6828
6828
6834
6835
6835
6838
6842
6842
6843
6846
6846
6848
6848
6849
6851
6851
6853
6853
6856
6858
6859
6860
6863
6863
6865
6867
6868
6870
6876
6876
6879
6880
6880
6880
6883
6885
6885
6888
6888
6889
6893
6894
6894
6894
6898
6898
6901
6901
6901
6902
6903
6905
6906
6908
6909
6910
6910
6910
6911
6912
6913
6916
6916
6917
6918
6919
6920
6924
6927
6927
6928
6932
6932
6933
6934
6934
6936
6937
6938
6940
6941
6943
6945
6946
6946
6946
6951
6953
6953
6954
6955
6956
6957
6959
6959
6960
6963
6965
6965
6966
6968
6969
6969
6970
6970
6972
6972
6972
6972
6977
6978
6979
6981
6981
6981
6982
6983
6983
6986
6986
6987
6987
6987
6988
6989
6989
6989
6993
6993
6995
6996
6997
7000
7000
7000
7001
7001
7002
7003
7004
7007
7009
7009
7012
7013
7014
7015
7015
7017
7020
7020
7024
7024
7024
7026
7027
7027
7028
7031
7033
7034
7034
7035
7036
7036
7037
7046
7049
7049
7055
7057
7060
7060
7060
7069
7070
7071
7073
7074
7074
7074
7075
7076
7079
7082
7083
7086
7088
7089
7090
7090
7090
7090
7091
7092
7092
7095
7095
7098
7099
7101
7103
7105
7105
7106
7108
7108
7108
7110
7112
7112
7113
7113
7115
7116
7117
7117
7119
7119
7119
7122
7125
7127
7131
7132
7132
7133
7133
7134
7137
7138
7142
7147
7148
7148
7149
7150
7152
7152
7154
7156
7157
7158
7162
7165
7165
7166
7167
7170
7175
7176
7180
7180
7182
7183
7184
7184
7185
7186
7186
7186
7189
7189
7191
7193
7193
7193
7195
7195
7196
7200
7200
7204
7207
7207
7209
7209
7210
7210
7211
7211
7211
7216
7217
7218
7218
7219
7221
7222
7223
7224
7224
7226
7227
7227
7228
7229
7230
7234
7234
7236
7236
7237
7239
7241
7243
7244
7244
7244
7244
7248
7248
7248
7249
7250
7255
7255
7256
7259
7260
7260
7261
7262
7264
7271
7272
7272
7272
