1874
1875
1875
1876
1876
1877
1878
1878
1879
1880
1881
1882
1885
1886
1886
1886
1886
1888
1888
1888
1889
1889
1889
1893
1893
1894
1894
1895
1896
1900
1901
1902
1903
1904
1908
1909
1911
1911
1911
1912
1913
1916
1917
1918
1919
1922
1922
1922
1928
1928
1931
1931
1931
1932
1934
1934
1935
1935
1936
1937
1940
1942
1942
1943
1944
1944
1948
1948
1949
1950
1950
1951
1951
1954
1955
1957
1957
1957
1959
1960
1961
1961
1962
1963
1965
1966
1967
1969
1970
1970
1971
1972
1973
1973
1977
1978
1980
1982
1984
1985
1985
1986
1987
1988
1988
1992
1996
1996
1997
1998
1999
2002
2004
2007
2008
2009
2011
2011
2011
2013
2014
2015
2015
2015
2016
2016
2017
2019
2021
2025
2026
2026
2027
2028
2029
2030
2030
2031
2033
2033
2035
2037
2038
2039
2039
2040
2042
2045
2049
2049
2051
2055
2056
2058
2058
2059
2060
2060
2061
2062
2062
2063
2064
2065
2067
2068
2071
2076
2077
2079
2081
2081
2082
2088
2089
2092
2093
2093
2098
2099
2099
2103
2103
2103
2105
2105
2106
2107
2108
2109
2112
2116
2120
2120
2122
2126
2127
2129
2129
2130
2131
2132
2134
2135
2137
2140
2140
2141
2144
2148
2148
2149
2150
2151
2151
2152
2152
2153
2154
2154
2155
2157
2157
2158
2158
2159
2162
2162
2163
2163
2166
2167
2168
2169
2175
2176
2177
2179
2180
2182
2184
2186
2189
2189
2190
2198
2199
2200
2201
2202
2202
2202
2203
2204
2205
2207
2208
2208
2209
2209
2209
2213
2213
2215
2215
2216
2217
2219
2220
2221
2222
2223
2224
2226
2227
2228
2229
2231
2231
2234
2234
2235
2236
2236
2238
2238
2239
2239
2241
2241
2245
2245
2247
2247
2249
2249
2250
2252
2254
2255
2256
2257
2261
2262
2263
2265
2265
2266
2267
2267
2268
2268
2269
2270
2273
2273
2274
2274
2274
2275
2276
2282
2282
2284
2287
2289
2293
2294
2294
2295
2297
2297
2297
2300
2300
2302
2302
2302
2302
2303
2303
2304
2308
2309
2309
2310
2312
2315
2318
2321
2321
2322
2323
2326
2326
2329
2332
2333
2334
2335
2335
2336
2337
2338
2340
2341
2344
2347
2348
2349
2350
2351
2352
2353
2355
2357
2359
2361
2362
2362
2362
2362
2364
2364
2366
2367
2368
2373
2373
2374
2375
2376
2376
2377
2377
2378
2378
2379
2380
2383
2384
2384
2385
2386
2386
2386
2390
2391
2392
2393
2395
2398
2398
2400
2402
2404
2405
2405
2408
2409
2409
2410
2410
2410
2415
2416
2416
2418
2419
2419
2421
2422
2422
2424
2425
2426
2426
2427
2428
2428
2430
2433
2434
2436
2438
2438
2439
2440
2442
2444
2444
2444
2444
2445
2445
2446
2447
2447
2448
2449
2450
2453
2454
2454
2455
2455
2456
2458
2459
2460
2460
2460
2461
2461
2461
2462
2463
2465
2466
2470
2471
2472
2472
2472
2474
2475
2476
2478
2480
2482
2482
2483
2483
2484
2484
2485
2485
2485
2486
2487
2490
2490
2490
2492
2493
2493
2493
2495
2495
2500
2501
2502
2506
2512
2512
2515
2515
2517
2520
2523
2526
2532
2536
2537
2537
2540
2545
2546
2547
2551
2551
2552
2557
2558
2561
2561
2562
2564
2565
2567
2568
2568
2569
2572
2573
2575
2579
2580
2582
2583
