2998
3000
3001
3002
3003
3004
3006
3008
3010
3011
3013
3015
3017
3018
3019
3020
3021
3022
3023
3024
3025
3028
3031
3032
3033
3034
3036
3037
3039
3041
3042
3043
3048
3049
3050
3051
3054
3055
3056
3058
3059
3060
3061
3062
3063
3065
3066
3067
3068
3069
3070
3072
3073
3074
3075
3076
3077
3078
3079
3080
3081
3082
3083
3084
3085
3086
3087
3088
3089
3090
3092
3093
3094
3095
3096
3097
3098
3099
3101
3102
3103
3104
3105
3106
3107
3108
3113
3114
3115
3116
3117
3118
3119
3120
3121
3122
3124
3126
3128
3129
3130
3131
3133
3134
3138
3139
3141
3144
3147
3149
3151
3152
3153
3154
3155
3156
3157
3160
3161
3163
3164
3165
3167
3168
3169
3170
3171
3172
3174
3175
3177
3179
3180
3183
3188
3189
3190
3191
3192
3196
3198
3199
3200
3201
3202
3203
3204
3205
3206
3207
3209
3211
3212
3216
3217
3218
3220
3221
3222
3223
3224
3225
3230
3231
3232
3234
3236
3237
3238
3239
3240
3241
3242
3243
3244
3246
3247
3248
3249
3250
3251
3252
3254
3255
3256
3257
3258
3260
3261
3262
3264
3265
3267
3268
3269
3272
3273
3275
3276
3277
3278
3279
3281
3282
3285
3286
3290
3291
3294
3295
3299
3301
3302
3303
3305
3306
3307
3309
3310
3312
3313
3314
3315
3317
3320
3321
3322
3323
3325
3326
3327
3328
3329
3330
3333
3334
3337
3338
3339
3340
3341
3342
3343
3345
3347
3348
3351
3352
3353
3354
3355
3357
3358
3359
3361
3362
3363
3366
3367
3369
3371
3372
3373
3374
3375
3377
3378
3379
3380
3382
3385
3386
3387
3388
3389
3390
3391
3392
3393
3395
3396
3398
3400
3401
3402
3403
3404
3405
3406
3407
3409
3411
3412
3414
3415
3418
3419
3422
3425
3426
3427
3428
3429
3430
3432
3434
3435
3436
3437
3438
3439
3440
3441
3442
3444
3445
3447
3448
3449
3451
3453
3454
3455
3456
3457
3459
3460
3461
3462
3463
3466
3468
3470
3471
3473
3474
3477
3478
3479
3481
3482
3484
3485
3486
3487
3489
3490
3491
3492
3493
3494
3495
3496
3497
3498
3499
3500
3501
3502
3504
3505
3506
3507
3508
3510
3512
3513
3515
3519
3520
3521
3523
3524
3525
3526
3528
3529
3531
3534
3537
3539
3540
3541
3542
3543
3544
3545
3547
3548
3549
3550
3551
3552
3553
3554
3555
3556
3557
3558
3559
3560
3561
3562
3563
3564
3567
3568
3571
3572
3574
3575
3576
3577
3579
3581
3582
3583
3584
3585
3586
3589
3590
3593
3594
3595
3596
3598
3599
3600
3601
3603
3606
3608
3609
3610
3611
3612
3616
3617
3619
3620
3621
3623
3624
3625
3626
3627
3629
3630
3631
3634
3635
3636
3638
3639
3640
3642
3643
3644
3646
3647
3648
3649
3650
3652
3654
3656
3657
3658
3660
3662
3663
3664
3665
3667
3668
3670
3671
3672
3673
3675
3676
3678
3679
3681
3682
3683
3684
3685
3686
3687
3688
3690
3691
3692
3693
3694
3695
3697
3699
3700
3701
3702
3703
3704
3705
3706
3711
3712
3713
3714
3717
3718
3719
3720
3721
3723
3724
3725
3726
3727
3728
3729
3730
3732
3734
3735
3737
3738
3739
3741
3742
3743
3744
3745
3746
3748
3749
3750
3751
3752
3753
3755
3756
3757
3758
3759
3760
3761
3762
3764
3765
3766
3767
3768
3769
3771
3772
3773
3774
3775
3776
3778
3779
3780
3781
3783
3785
3786
3787
3791
3792
3794
3795
3796
3800
3801
3802
3804
3806
3807
3809
3810
3811
3813
3814
3815
3816
3818
3819
3820
3821
3823
3827
3829
3833
3835
3837
3840
3841
3842
3843
3844
3846
3847
3848
3849
3850
3852
3853
3857
3858
3859
3861
3865
3868
3869
3870
3872
3874
3875
3876
3877
3879
3880
3881
3882
3884
3885
3886
3887
3888
3889
3892
3893
3894
3895
3896
3898
3899
3900
3901
3902
3903
3905
3906
3907
3908
3909
3913
3915
3919
3920
3921
3922
3923
3924
3925
3926
3927
3931
3933
3934
3935
3936
3937
3938
3939
3941
3942
3944
3945
3946
3950
3951
3952
3953
3954
3955
3957
3958
3959
3960
3961
3962
3963
3964
3965
3966
3968
3969
3970
3973
3974
3975
3976
3977
3978
3979
3980
3983
3984
3985
3987
3988
3989
3990
3991
3993
3994
3995
3996
3997
3998
3999
4000
4001
4002
4003
4005
4006
4007
4008
4010
4014
4015
4016
4018
4021
4022
4023
4024
4026
4027
4029
4030
4031
4032
4034
4035
4036
4038
4040
4042
4043
4046
4047
4050
4051
4052
4054
4056
4057
4058
4059
4063
4064
4065
4066
4067
4068
4069
4070
4071
4073
4074
4075
4076
4080
4081
4083
4084
4085
4088
4090
4092
4093
4094
4095
4096
4097
4098
4099
4100
4101
4103
4104
4105
4106
4107
4108
4109
4110
4111
4113
4114
4115
4116
4117
4120
4123
4124
4125
4126
4127
4128
4130
4131
4132
4134
4136
4137
4138
4139
4142
4144
4145
4146
4147
4148
4149
4150
4151
4152
4153
4154
4156
4157
4159
4160
4161
4163
4164
4165
4167
4168
4169
4171
4172
4173
4174
4176
4177
4179
4181
4183
4184
4185
4186
4187
4188
4190
4191
4192
4193
4197
4198
4199
4200
4202
4203
4204
4205
4206
4207
4208
4209
4210
4211
4212
4213
4215
4216
4217
4220
4221
4222
4223
4225
4226
4227
4229
4230
4231
4233
4234
4235
4236
4238
4241
4242
4244
4245
4248
4250
4251
4252
4253
4255
4256
4257
4258
4259
4260
4261
4264
4265
4266
4267
4268
4269
4270
4271
4272
4274
4277
4278
4279
4280
4281
4282
4283
4284
4287
4288
4289
4290
4291
4292
4293
4295
4297
4298
4299
4300
4301
4302
4303
4305
4309
4310
4313
4316
4318
4320
4322
4323
4324
4325
4326
4327
4329
4331
4332
4334
4335
4336
4337
4338
4340
4342
4343
4345
4346
4347
4348
4349
4351
4355
4356
4358
4359
4360
4361
4364
4365
4366
4367
4368
4369
4370
4371
4372
4374
4375
4377
4378
4380
4381
4382
4383
4385
4386
4387
4389
4390
4391
4392
4393
4394
4395
4397
4400
4401
4402
4403
4404
4406
4407
4408
4409
4410
4412
4413
4414
4415
4417
4418
4419
4420
4421
4424
4425
4426
4427
4428
4429
4430
4431
4432
4433
4434
4435
4437
4438
4439
4440
4444
4446
4447
4448
4449
4450
4451
4452
4453
4455
4459
4461
4463
4464
4465
4466
4467
4468
4469
4470
4474
4476
4481
4482
4484
4486
4488
4489
4491
4492
4493
4494
4495
4496
4497
4498
4501
4503
4504
4505
4506
4507
4508
4509
4511
4512
4515
4517
4518
4519
4520
4521
4522
4523
4524
4527
4528
4529
4530
4534
4535
4537
4538
