1663
1663
1664
1669
1670
1673
1673
1673
1673
1677
1682
1683
1684
1684
1685
1686
1690
1692
1694
1694
1697
1699
1699
1700
1703
1704
1704
1705
1706
1711
1711
1712
1714
1714
1723
1724
1725
1725
1727
1728
1729
1730
1731
1731
1731
1732
1735
1735
1736
1736
1738
1740
1740
1741
1747
1748
1748
1749
1750
1751
1754
1754
1755
1758
1758
1760
1760
1761
1761
1762
1765
1765
1766
1766
1768
1768
1772
1773
1774
1777
1783
1784
1787
1788
1788
1788
1790
1790
1790
1792
1795
1796
1800
1801
1805
1806
1806
1807
1808
1808
1810
1811
1811
1812
1813
1813
1816
1816
1817
1818
1823
1823
1826
1826
1827
1827
1828
1829
1830
1830
1832
1832
1834
1835
1839
1843
1843
1846
1846
1848
1848
1849
1850
1852
1853
1854
1855
1855
1859
1861
1865
1866
1866
1867
1867
1868
1868
1869
1869
1869
1869
1872
1873
1875
1876
1876
1877
1878
1879
1880
1882
1883
1885
1887
1889
1889
1889
1892
1893
1894
1895
1896
1896
1898
1900
1901
1902
1903
1905
1905
1907
1907
1907
1907
1907
1910
1912
1913
1913
1914
1914
1916
1918
1918
1918
1921
1922
1922
1922
1923
1923
1924
1926
1927
1927
1930
1930
1933
1934
1937
1937
1937
1938
1938
1938
1942
1943
1944
1946
1949
