7015
7016
7017
7019
7020
7021
7022
7024
7026
7027
7028
7029
7031
7032
7033
7034
7035
7037
7040
7042
7043
7044
7045
7046
7047
7048
7051
7052
7053
7054
7057
7059
7060
7061
7062
7063
7064
7065
7068
7070
7072
7074
7075
7076
7079
7080
7081
7083
7086
7087
7090
7091
7092
7093
7095
7097
7099
7100
7101
7102
7104
7105
7107
7108
7110
7112
7113
7114
7115
7116
7118
7120
7121
7122
7123
7124
7126
7128
7130
7131
7132
7133
7134
7135
7136
7137
7138
7139
7140
7142
7143
7144
7145
7146
7147
7148
7149
7150
7151
7153
7155
7159
7160
7162
7163
7164
7165
7166
7168
7169
7170
7171
7173
7175
7176
7179
7180
7181
7183
7184
7185
7186
7189
7190
7192
7194
7195
7196
7197
7199
7200
7202
7203
7204
7205
7207
7208
7209
7211
7212
7214
7215
7216
7217
7219
7220
7223
7224
7225
7226
7227
7228
7229
7230
7231
7232
7234
7235
7237
7239
7240
7242
7243
7244
7245
7246
7249
7250
7253
7254
7255
7256
7257
7258
7260
7261
7262
7263
7264
7267
7269
7270
7271
7272
7273
7275
7276
7279
7280
7281
7282
7284
7285
7286
7287
7288
7289
7291
7293
7294
7295
7297
7298
7301
7302
7304
7305
7306
7307
7308
7309
7311
7312
7313
7314
7315
7316
7317
7318
7320
7321
7323
7324
7325
7326
7327
7328
7329
7330
7332
7335
7336
7337
7338
7339
7341
7344
7345
7346
7347
7348
7349
7350
7352
7353
7354
7355
7357
7358
7360
7364
7366
7367
7369
7370
7371
7375
7376
7377
7378
7380
7381
7382
7383
7384
7387
7388
7389
7391
7392
7393
7394
7398
7399
7401
7402
7406
7407
7408
7409
7410
7411
7413
7414
7416
7417
7418
7419
7420
7421
7422
7424
7425
7426
7427
7428
7429
7430
7431
7433
7434
7435
7436
7437
7438
7439
7440
7441
7444
7445
7447
7448
7449
7450
7451
7452
7453
7456
7457
7458
7459
7461
7463
7465
7466
7467
7468
7469
7470
7472
7473
7474
7476
7477
7479
7481
7482
7484
7485
7486
7487
7488
7489
7491
7493
7494
7495
7496
7497
7498
7499
7500
7501
7504
7506
7507
7509
7510
7511
7512
7514
7516
7517
7519
7522
7523
7524
7525
7526
7527
7530
7531
7533
7534
7535
7537
7538
7540
7542
7543
7545
7546
7547
7548
7549
7550
7553
7554
7555
7556
7557
7560
7561
7562
7563
7565
7566
7567
7568
7570
7573
7575
7576
7577
7578
7579
7581
7583
7584
7585
7586
7589
7590
7591
7595
7596
7598
7600
7602
7605
7606
7607
7609
7610
7611
7612
7614
7617
7618
7619
7620
7621
7622
7623
7624
7625
7626
7627
7628
7629
7630
7631
7632
7635
7636
7637
7638
7640
7648
7651
7652
7655
7657
7658
7660
7661
7662
7663
7664
7665
7668
7669
7670
7671
7672
7673
7676
7677
7679
7680
7681
7682
7683
7684
7685
7686
7687
7688
7690
7691
7692
7693
7694
7695
7696
7697
7698
7699
7700
7701
7702
7703
7704
7706
7707
7708
7709
7713
7714
7715
7716
7717
7720
7721
7722
7723
7724
7725
7727
7728
7730
7731
7732
7734
7736
7737
7739
7740
7741
7742
7743
7744
7745
7746
7747
7748
7751
7753
7754
7755
7756
7757
7758
7759
7760
7761
7762
7764
7765
7766
7767
7771
7772
7774
7776
7778
7779
7780
7781
7783
7784
7785
7787
7788
7789
7790
7791
7793
7795
7796
7797
7798
7799
7802
7803
7806
7807
7808
7810
7812
7813
7814
7815
7816
7817
7818
7819
7820
7821
7823
7824
7825
7826
7827
7828
7829
7830
7831
7832
7833
7835
7836
7837
7839
7840
7842
7843
7844
7846
7847
7849
7850
7851
7852
7854
7855
7856
7857
7858
7859
7860
7861
7862
7865
7869
7871
7872
7873
7874
7875
7876
7878
7880
7881
7882
7884
7885
7886
7888
7889
7890
7891
7892
7894
7896
7897
7899
7900
7902
7905
7907
7908
7909
7910
7912
7913
7914
7918
7919
7920
7922
7925
7926
7928
7929
7930
7932
7933
7934
7936
7937
7938
7939
7940
7942
7944
7945
7946
7948
7949
7950
7951
7952
7953
7954
7955
7956
7957
7958
7960
7961
7962
7963
7964
7965
7966
7967
7968
7969
7970
7971
7972
7973
7974
7975
7976
7977
7978
7979
7980
7981
7983
7984
7985
7986
7988
7989
7991
7992
7994
7995
7996
7998
7999
8000
8002
8003
8006
8007
8008
8009
8011
8013
8014
8015
8016
8018
8019
8020
8026
8027
8028
8029
8030
8031
8032
8033
8034
8036
8037
8038
8041
8042
8043
8044
8045
8047
8048
8049
8050
8051
8052
8054
8059
8060
8063
8064
8065
8066
8067
8068
8069
8070
8071
8073
8074
8076
8077
8078
8079
8080
8081
8083
8084
8085
8086
8088
8092
8093
8094
8096
8097
8098
8099
8100
8101
8103
8105
8107
8108
8110
8112
8113
8114
8115
8116
8117
8119
8121
8122
8123
8124
8126
8127
8128
8129
8133
8135
8136
8138
8140
8141
8142
8143
8144
8145
8146
8147
8148
8149
8150
8152
8153
8155
8157
8158
8161
8162
8163
8164
8165
8166
8167
8169
8170
8171
8172
8174
8175
8176
8178
8180
8181
8182
8183
8185
8186
8187
8188
8189
8191
8193
8194
8195
8196
8197
8199
8200
8201
8205
8207
8208
8209
8210
8211
8212
8213
8214
8215
8216
8217
8218
8219
8220
8222
8223
8224
8225
8227
8228
8229
8230
8231
8232
8233
8234
8235
8236
8237
8238
8239
8241
8243
8244
8245
8246
8250
8251
8252
8254
8255
8257
8259
8260
8262
8263
8264
8265
8266
8267
8268
8270
8272
8273
8274
8276
8277
8279
8280
8281
8282
8283
8285
8286
8287
8289
8290
8291
8292
8293
8296
8297
8299
8300
8301
8302
8304
8305
8306
8307
8310
8313
8314
8316
8317
8318
8319
8320
8321
8323
8324
8325
8326
8327
8328
8329
8330
8331
8332
8333
8334
8336
8337
8339
8340
8341
8342
8346
8347
8349
8350
8351
8352
8353
8354
8357
8358
8359
8360
8361
8362
8363
8365
8366
8367
8368
8370
8371
8374
8375
8376
8378
8379
8380
8381
8382
8384
8386
8388
8389
8390
8391
8393
8394
8395
8397
8398
8399
8402
8403
8404
8405
8406
8407
8408
8409
8410
8411
8412
8414
8418
8419
8421
8422
8423
8424
8425
8426
8429
8430
8433
8434
8435
8436
8439
8441
8444
8445
8446
8448
8450
8451
8452
8453
8454
8455
8456
8460
8461
8464
8465
8466
8467
8470
8471
8472
8474
8475
8476
8478
8479
8480
8482
8484
8485
8486
8487
8491
8492
8493
8494
8495
8496
8497
8498
8499
8500
8504
8505
8506
8507
8508
8509
8510
8511
8513
8514
8515
8516
8517
8519
8520
8521
8522
8525
8527
8528
8529
8530
8531
8533
8534
8536
8537
8538
8539
8540
8541
8542
8543
8544
8546
8547
8549
8550
8551
8553
8554
8556
8559
8560
8561
8563
8564
8565
8566
8568
8569
8570
8571
8574
8576
8577
8580
8582
8583
8585
8589
8590
8591
8592
8593
8594
8595
8597
8598
8599
8601
8603
8604
8606
8608
8609
8610
8613
8614
8616
8617
8618
8619
8620
8622
8623
8624
8625
8626
8627
8628
8630
8631
8634
8635
8636
8637
8638
8641
8644
8645
8646
8648
8649
8651
8652
8653
8654
8656
8657
8658
8659
8660
8661
8662
8663
8666
8667
8669
8670
8671
8673
8675
8676
8677
8680
8681
8682
8683
8684
8685
8686
8687
8688
8689
8690
8691
8692
8693
8695
8696
8697
8700
8701
8709
8710
8712
8714
8715
8716
8717
8722
8724
8725
8727
8728
8729
8730
8731
8733
8734
8735
8736
8737
8738
8739
8740
8741
8742
8743
8744
8745
8746
8747
8749
8750
8751
8752
8753
8755
8757
8758
8759
8760
8761
8763
8764
8765
8768
8769
8770
8772
8773
8774
8775
8777
8778
8779
8781
8782
8783
8785
8786
8787
8788
8791
8793
8795
8796
8799
8800
8801
8802
8803
8804
8805
8806
8808
8810
8811
8812
8813
8814
8815
8816
8818
8820
8821
8822
8823
8825
8828
8829
8830
8832
8833
8834
8835
8836
8837
8839
8840
8841
8843
8844
8845
8846
8847
8850
8852
8854
8855
8857
8859
8860
8861
8862
8863
8864
8867
8868
8869
8870
8871
8872
8873
8874
8877
8878
8879
8880
8881
8882
8883
8884
8885
8886
8887
8889
8890
8893
8894
8895
8896
8897
8898
8900
8902
8903
8905
8907
8908
8910
8911
8912
8913
8914
8915
8916
8917
8918
8919
8920
8921
8923
8924
8926
8928
8931
8932
8934
8935
8936
8937
8938
8939
8942
8943
8945
8946
8947
8948
8950
8952
8954
8955
8957
8958
8959
8963
8965
8966
8967
8968
8969
8970
8971
8972
8975
8977
8979
8980
8981
8982
8983
8984
8985
8987
8988
8989
8990
8991
8992
8993
8994
8996
8997
8998
9000
9001
9002
9003
9005
9008
9009
9012
9013
9014
9018
9019
9021
9022
9023
9024
9025
9027
9028
9031
9032
9034
9037
9039
9040
9042
9043
9044
9045
9048
9049
9050
9052
9053
9054
9055
9057
9058
9060
9061
9063
9064
9066
9067
9068
9069
9070
9071
9073
9074
9076
9077
9080
9081
9082
9084
9085
9086
9087
9088
9089
9090
9091
9092
9093
9094
9096
9097
9098
9099
9100
9103
9104
9105
9108
9109
9110
9111
9112
9114
9116
9117
9119
9120
9121
9122
9123
9124
9125
9127
9128
9129
9130
9131
9132
9134
9135
9136
9137
9138
9140
9142
9143
9146
9147
9148
9149
9150
9152
9154
9155
9156
9158
9159
9160
9162
9163
9165
9166
9169
9170
9173
9174
9175
9177
9178
9179
9181
9183
9184
9186
9187
9188
9189
9191
9192
9193
9194
9195
9196
9197
9199
9202
9203
9205
9206
9207
9208
9209
9210
9211
9213
9214
9215
9216
9219
9220
9221
9224
9225
9226
9227
9228
9230
9231
9232
9233
9234
9235
9236
9237
9238
9239
9240
9242
9243
9245
9246
9247
9248
9250
9251
9252
9253
9254
9255
9256
9258
9259
9260
9262
9265
9266
9267
9268
9270
9271
9272
9273
9274
9275
9276
9277
9278
9279
9280
9281
9282
9283
9284
9285
9289
9291
9292
9294
9295
9297
9299
9300
9301
9302
9303
9304
9306
9307
9308
9309
9311
9312
9313
9315
9316
9317
9318
9319
9320
9322
9324
9326
9327
9328
9330
9331
9333
9334
9335
9336
9337
9338
9339
9344
9346
9348
9349
9350
9351
9353
9355
9356
9358
9359
9362
9363
9364
9365
9366
9367
9368
9369
9370
9371
9372
9373
9375
9376
9378
9379
9380
9381
9382
9383
9384
9385
9386
9387
9391
9392
9394
9396
9397
9399
9400
9403
9404
9405
9407
9408
9411
9413
9414
9415
9417
9418
9419
9422
9425
9426
9427
9428
9429
9431
9432
9433
9438
9440
9441
9442
9443
9444
9445
9447
9451
9452
9453
9454
9456
9457
9458
9462
9464
9465
9466
9467
9469
9470
9473
9474
9475
9476
9477
9478
9480
9481
9482
9483
9484
9485
9486
9487
9488
9489
9490
9492
9493
9494
9495
9498
9500
9503
9504
9505
9506
9507
9508
9509
9511
9512
9513
9515
9516
9521
9523
9524
9525
9527
9530
9532
9535
9536
9537
9538
9539
9540
9541
9542
9543
9545
9546
9547
9548
9549
9550
9551
9553
9556
9557
9558
9561
9562
9563
9564
9565
9566
9567
9568
9570
9571
9572
9573
9575
9576
9577
9578
9579
9580
9582
9583
9585
9586
9587
9589
9591
9592
9593
9594
9595
9596
9597
9598
9599
9600
9603
9604
9605
9606
9607
9608
9610
9612
9614
9615
9618
9620
9621
9622
9623
9626
9627
9628
9629
9630
9631
9632
9633
9634
9635
9636
9638
9639
9642
9643
9644
9645
9646
9650
9651
9652
9653
9654
9655
9658
9660
9661
9663
9664
9665
9668
9670
9672
9674
9675
9676
9677
9680
9681
9682
9683
9684
9687
9690
9691
9692
9694
9695
9697
9699
9702
9703
9705
9706
9707
9708
9709
9712
9715
9719
9720
9721
9722
9723
9724
9725
9726
9727
9729
9731
9732
9733
9734
9735
9737
9738
9739
9741
9742
9743
9747
9748
9749
9750
9751
9752
9753
9754
9755
9756
9757
9758
9759
9760
9761
9762
9763
9764
9765
9767
9768
9770
9772
9773
9774
9775
9776
9777
9780
9781
9782
9783
9784
9785
9788
9789
9790
9792
9794
9795
9798
9800
9803
9804
9805
9807
9808
9809
9810
9812
9813
9814
9815
9816
9817
9818
9820
9821
9822
9823
9826
9827
9830
9832
9833
9834
9835
9836
9837
9838
9840
9841
9842
9843
9844
9845
9847
9849
9850
9851
9852
9853
9854
9857
9858
9859
9860
9861
9862
9863
9865
9866
9867
9869
9871
9872
9873
9874
9875
9877
9878
9879
9880
9881
9882
9883
9884
9887
9888
9889
9890
9891
9892
9895
9896
9897
9900
9901
9902
9905
9906
9907
9908
9909
9910
9911
9912
9913
9914
9916
9918
9919
9920
9921
9922
9923
9924
9925
9926
9927
9928
9931
9933
9938
9942
9943
9944
9946
9947
9948
9949
9950
9953
9955
9956
9957
9959
9960
9961
9962
9965
9966
9967
9968
9975
9976
9977
9978
9980
9983
9984
9986
9987
9988
9989
9990
9991
9992
9993
9994
9995
9996
9999
10001
10002
10003
10005
10006
10010
10011
10013
10014
10015
10016
10017
10018
10019
10022
10024
10025
10027
10030
10031
10035
10036
10037
10038
10039
10040
10041
10044
10045
10046
10047
10048
10049
10050
10051
10053
10055
10057
10058
10061
10062
10064
10067
10068
10069
10072
10073
10076
10078
10079
10080
10082
10084
10085
10086
10087
10088
10090
10093
10094
10096
10097
10099
10105
10107
10108
10109
10110
10112
10113
10114
10115
10116
10117
10119
10121
10122
10123
10124
10125
10126
10127
10128
10129
10130
10131
10132
10135
10136
10137
10139
10140
10141
10142
10146
10147
10148
10149
10150
10154
10155
10156
10157
10158
10159
10160
10161
10164
10165
10166
10167
10170
10171
10172
10173
10174
10175
10176
10178
10179
10180
10181
10182
10183
10185
10187
10188
10189
10190
10191
10192
10194
10195
10196
10197
10198
10199
10201
10202
10203
10204
10206
10207
10208
10209
10211
10212
10213
10215
10216
10218
10219
10220
10221
10224
10225
10226
10229
10230
10231
10232
10233
10234
10235
10236
10237
10239
10241
10243
10244
10245
10246
10247
10249
10251
10252
10254
10256
10257
10258
10259
10260
10262
10264
10265
10266
10267
10268
10269
10270
10271
10272
10273
10274
10275
10277
10279
10281
10282
10283
10285
10288
10289
10290
10292
10293
10294
10295
10296
10298
10300
10301
10303
10304
10305
10306
10307
10308
10309
10310
10311
10312
10313
10314
10315
10317
10318
10320
10321
10322
10324
10325
10326
10327
10329
10330
10331
10332
10336
10337
10343
10345
10347
10348
10351
10356
10358
10361
10362
10364
10365
10366
10367
10368
10371
10372
10373
10374
10376
10377
10379
10380
10381
10382
10383
10385
10386
10387
10388
10389
10391
10392
10393
10394
10395
10396
10397
10398
10399
10401
10403
10404
10405
10406
10407
10408
10409
10411
10412
10413
10414
10416
10417
10420
10421
10422
10423
10424
10426
10427
10428
10429
10430
10432
10433
10434
10435
10436
10437
10439
10440
10443
10444
10446
10447
10448
10449
10450
10451
10452
10453
10455
10456
10458
10459
10460
10466
10468
10471
10473
10475
10476
10477
10478
10479
10480
10483
10484
10485
10486
10487
10488
10489
10491
10492
10493
10494
10495
10496
10498
10499
10500
10501
10502
10503
10505
10506
10507
10508
10509
10510
10511
10512
10513
10514
10517
10519
10520
10523
10524
10525
10526
10527
10528
10531
10532
10534
10535
10536
10537
10538
10539
10541
10542
10544
10546
10547
10548
10549
10550
10551
10552
10553
10554
10555
10556
10557
10558
10559
10564
10565
10567
10570
10571
10572
10574
10576
10577
10578
10579
10580
10582
10585
10586
10587
10588
10589
10591
10594
10595
10596
10597
10600
10601
10602
10603
10604
10605
10607
10608
10609
10610
10611
10612
10613
10614
10615
10616
10617
10619
10621
10622
10623
10627
10629
10630
10631
10634
10635
10636
10637
10639
10643
10644
10647
10648
10650
10651
10652
10655
10656
10657
10659
10660
10661
10662
10663
10668
10669
10670
10671
10673
10674
10676
10677
10678
10679
10680
10681
10682
10683
10685
10687
10688
10689
10691
10693
10694
10695
10697
10698
10699
10700
10701
10702
10703
10704
10706
10707
10709
10710
10711
10713
10715
10719
10720
10721
10727
10728
10729
10730
10731
10733
10734
10737
10738
10739
10742
10743
10744
10745
10746
10747
10749
10753
10754
10755
10757
10758
10759
10761
10762
10763
10764
10765
10766
10767
10770
10776
10777
10778
10779
10780
10781
10783
10784
10786
10787
10788
10789
10790
10791
10792
10793
10794
10796
10798
10800
10802
10803
10804
10805
10806
10807
10808
10809
10810
10811
10812
10813
10814
10816
10817
10819
10820
10821
10823
10824
10825
10826
10828
10831
10832
10833
10834
10835
10836
10837
10839
10840
10841
10842
10843
10844
10846
10847
10848
10851
10853
10854
10855
10856
10857
10859
10860
10862
10863
10864
10867
10872
10873
10874
10875
10877
10878
10879
10881
10882
10883
10885
10886
10888
10889
10891
10892
10893
10894
10895
10896
10897
10898
10899
10900
10901
10903
10904
10905
10906
10907
10908
10909
10910
10911
10912
10913
10915
10916
10917
10918
10919
10920
10921
10922
10923
10924
10925
10926
10927
10929
10930
10931
10932
10933
10937
10938
10939
10940
10944
10945
10947
10949
10950
10952
10953
10954
10955
10956
10958
10959
10961
10963
10964
10966
10967
10968
10970
10972
10974
10975
10979
10981
10984
10986
10988
10992
10993
10994
10995
10996
10997
10998
10999
11000
11001
11002
11003
11005
11007
11008
11009
11010
11012
11013
11014
11015
11016
11018
11019
11020
11021
11022
11023
11024
11025
11026
11028
11029
11032
11033
11034
11035
11038
11039
11040
11041
11042
11043
11047
11048
11049
11051
11053
11054
11055
11056
11059
11060
11061
11062
11064
11066
11067
11068
11069
11071
11073
11074
11076
11077
11078
11079
11080
11081
11083
11085
11086
11088
11090
11093
11094
11096
11098
11099
11100
11104
11107
11108
11109
11110
11111
11112
11113
11114
11115
11116
11117
11118
11120
11121
11122
11123
11124
11127
11128
11129
11131
11132
11134
11136
11137
11138
11139
11140
11142
11143
11144
11146
11147
11149
11151
11152
11156
11157
11158
11159
11160
11161
11162
11163
11164
11165
11166
11167
11169
11170
11171
11174
11175
11176
11177
11180
11182
11184
11185
11186
11187
11188
11189
11191
11193
11195
11196
11198
11200
11201
11202
11203
11204
11205
11207
11209
11210
11211
11212
11214
11215
