1732
1734
1736
1737
1737
1738
1740
1740
1741
1741
1744
1746
1746
1747
1747
1747
1750
1752
1754
1754
1757
1758
1758
1759
1759
1762
1765
1766
1766
1768
1769
1770
1770
1770
1772
1772
1772
1773
1774
1776
1777
1778
1779
1779
1779
1780
1784
1786
1787
1789
1791
1793
1794
1794
1795
1796
1800
1801
1805
1805
1807
1808
1808
1812
1814
1815
1816
1816
1819
1819
1819
1819
1820
1821
1821
1823
1824
1825
1825
1829
1831
1832
1832
1833
1833
1835
1835
1837
1837
1838
1838
1838
1838
1839
1840
1841
1841
1843
1843
1845
1846
1846
1847
1847
1847
1848
1851
1852
1858
1860
1861
1861
1862
1862
1864
1864
1865
1865
1867
1867
1869
1869
1869
1869
1870
1870
1871
1877
1878
1878
1878
1879
1882
1883
1884
1887
1887
1889
1895
1897
1899
1903
1905
1906
1906
1907
1908
1908
1909
1909
1909
1910
1915
1915
1915
1916
1916
1916
1916
1917
1917
1917
1918
1918
1918
1920
1920
1921
1921
1922
1923
1925
1926
1927
1928
1928
1929
1929
1930
1930
1931
1931
1931
1932
1932
1933
1934
1937
1940
1940
1941
1942
1943
1943
1945
1945
1945
1946
1946
1948
1949
1950
1952
1952
1953
1954
1955
1955
1955
1956
1957
1959
1959
1961
1961
1962
1962
1962
1967
1970
1970
1971
1972
1973
1974
1977
1977
1977
1980
1981
1985
1986
1986
1986
1987
1987
1987
1991
1993
1994
1996
1997
1998
1999
2000
2005
2006
2006
2006
2009
2009
2009
2011
2012
2018
2021
2022
2022
2023
2023
2023
2023
2023
2027
2027
2031
2031
2031
2031
2032
2033
2035
2036
2040
2040
2041
2042
2046
2046
2047
2049
2050
2050
2051
2052
2052
2053
2053
2054
2055
2056
2058
2061
2063
2064
2069
2069
2070
2070
2071
2074
2074
2077
2077
2077
2079
2080
2082
2083
2083
2083
2088
2089
2089
2096
2101
2101
2102
2102
2103
2104
2104
2104
2106
2106
2108
2109
2109
2110
2112
2113
2113
2115
2116
2116
2117
2118
2119
2119
2120
2122
2129
2130
2131
2135
2136
2139
2142
2150
2152
2158
2160
2160
2161
2164
2164
2166
2167
2167
2167
2167
2168
2168
2170
2172
2172
2173
2176
2176
2181
2183
2184
2186
2189
2191
2192
2192
2193
2194
2194
2196
2197
2198
2199
2199
2200
2200
2201
2202
2205
2208
2208
2208
2209
2210
2211
2212
2216
2217
2219
2219
2221
2225
2226
2229
2229
2229
2230
2232
2233
2234
2236
2238
2241
2242
2244
2244
2244
2246
2251
2253
2258
2259
2260
2261
2264
2268
2268
2272
2274
2275
2275
2277
2279
2279
2279
2281
2283
2283
2287
2289
2289
2290
2293
2294
2296
2301
2301
2302
2303
2303
2303
2304
2306
2307
2311
2312
2315
2316
2318
2319
2319
2320
2321
2323
2323
2324
2329
2329
2330
2331
2336
2341
2342
2342
2343
2343
2344
2347
2347
2349
2352
2353
2353
2354
2356
2357
2359
2360
2361
2363
2372
2372
2372
2374
2375
2376
2379
2382
2382
