1919
1921
1922
1923
1925
1926
1929
1932
1933
1935
1936
1939
1940
1944
1945
1946
1947
1948
1952
1954
1957
1958
1959
1960
1961
1962
1969
1971
1973
1974
1975
1976
1977
1978
1980
1982
1986
1987
1988
1989
1990
1992
1993
1995
1996
1997
1998
2000
2001
2002
2003
2004
2005
2007
2009
2012
2013
2014
2016
2018
2020
2021
2022
2023
2025
2026
2029
2030
2031
2032
2033
2034
2036
2037
2038
2039
2040
2041
2042
2044
2045
2046
2047
2048
2049
2050
2051
2052
2054
2055
2056
2057
2058
2061
2062
2064
2065
2067
2069
2070
2071
2074
2075
2078
2079
2080
2081
2082
2083
2084
2086
2087
2090
2091
2094
2095
2096
2098
2099
2100
2101
2103
2105
2106
2110
2111
2112
2113
2115
2116
2119
2121
2122
2123
2124
2125
2127
2128
2129
2130
2131
2133
2134
2135
2136
2137
2138
2140
2141
2142
2143
2144
2146
2147
2148
2149
2151
2152
2153
2154
2156
2157
2158
2159
2162
2163
2164
2166
2167
2169
2170
2171
2172
2173
2176
2177
2178
2179
2180
2182
2183
2184
2185
2187
2189
2190
2192
2193
2194
2196
2197
2198
2199
2200
2203
2204
2205
2207
2208
2209
2211
2215
2217
2218
2219
2220
2222
2223
2225
2226
2227
2228
2230
2231
2232
2233
2234
2235
2237
2239
2241
2242
2244
2245
2246
2247
2248
2249
2251
2253
2254
2255
2256
2257
2258
2259
2261
2263
2265
2266
2267
2269
2272
2273
2280
2281
2282
2283
2284
2285
2287
2288
2289
2291
2293
2294
2295
2296
2299
2300
2301
2302
2303
2306
2308
2309
2310
2311
2312
2313
2314
2317
2318
2319
2320
2321
2322
2323
2324
2325
2326
2328
2329
2330
2331
2332
2334
2335
2336
2337
2338
2339
2342
2343
2344
2346
2347
2349
2350
2352
2353
2355
2356
2357
2359
2360
2361
2363
2364
2365
2366
2367
2369
2370
2371
2372
2374
2375
2376
2379
2381
2382
2383
2385
2386
2387
2388
2389
2390
2391
2392
2393
2394
2396
2397
2398
2400
2401
2402
2403
2404
2405
2406
2407
2408
2409
2410
2412
2413
2415
2416
2417
2420
2421
2424
2425
2426
2428
2429
2430
2431
2433
2434
2435
2437
2440
2442
2443
2444
2445
2446
2448
2449
2450
2452
2454
2455
2456
2457
2459
2460
2461
2463
2465
2466
2467
2468
2470
2472
2474
2475
2476
2480
2481
2482
2484
2485
2487
2488
2490
2491
2492
2493
2495
2496
2497
2498
2499
2500
2501
2502
2503
2505
2506
2508
2509
2510
2511
2512
2514
2515
2516
2518
2519
2520
2522
2523
2525
2527
2528
2529
2530
2533
2534
2535
2537
2538
2539
2540
2541
2542
2543
2545
2546
2547
2548
2550
2551
2552
2553
2554
2555
2557
2558
2559
2560
2561
2562
2563
2564
2565
2568
2569
2570
2571
2573
2574
2575
2576
2577
2578
2579
2580
2582
2586
2587
2588
2590
2591
2592
2593
2594
2596
2597
2598
2599
2600
2601
2602
2603
2604
2608
2609
2610
2611
2612
2613
2616
2617
2618
