1067
1068
1070
1072
1072
1074
1075
1075
1075
1076
1076
1077
1079
1081
1082
1083
1083
1085
1087
1087
1088
1091
1092
1093
1096
1096
1098
1098
1099
1100
1102
1104
1105
1108
1108
1111
1114
1115
1116
1118
1120
1122
1123
1123
1124
1125
1126
1127
1127
1128
1129
1130
1131
1141
1142
1146
1147
1148
1149
1151
1152
1159
1160
1161
1162
1163
1163
1165
1165
1168
1169
1170
1170
1174
1175
1176
1177
1178
1179
1179
1179
1181
1182
1183
1183
1184
1185
1187
1188
1190
1191
1193
1195
1200
1200
1200
1201
1201
1202
1203
1203
1203
1204
1205
1206
1208
1208
1208
1209
1209
1210
1211
1211
1213
1214
1214
1215
1223
1223
1223
