4495
4497
4498
4499
4500
4502
4503
4505
4506
4508
4509
4510
4512
4513
4514
4515
4516
4517
4519
4520
4522
4523
4524
4525
4526
4528
4530
4531
4532
4534
4535
4536
4537
4538
4539
4540
4543
4544
4545
4546
4548
4549
4552
4553
4554
4558
4560
4562
4564
4565
4566
4567
4572
4574
4575
4576
4579
4580
4581
4582
4584
4585
4586
4587
4588
4589
4590
4591
4592
4593
4594
4597
4598
4599
4601
4602
4606
4607
4608
4609
4610
4611
4613
4614
4615
4616
4617
4618
4619
4621
4622
4623
4624
4625
4626
4628
4629
4630
4631
4632
4634
4635
4636
4637
4640
4643
4644
4645
4646
4648
4649
4650
4651
4652
4653
4654
4657
4658
4659
4660
4661
4662
4664
4665
4666
4668
4669
4672
4673
4675
4677
4678
4679
4680
4681
4682
4685
4686
4687
4690
4692
4694
4695
4700
4701
4702
4704
4705
4706
4707
4708
4710
4711
4712
4714
4716
4719
4720
4721
4722
4723
4725
4727
4730
4731
4732
4735
4736
4737
4738
4739
4741
4742
4743
4745
4746
4747
4748
4750
4751
4752
4753
4754
4755
4756
4757
4758
4759
4760
4761
4762
4763
4765
4766
4768
4769
4770
4772
4773
4774
4775
4776
4778
4782
4785
4787
4788
4789
4790
4791
4792
4794
4795
4796
4797
4798
4800
4801
4804
4805
4806
4807
4809
4813
4814
4815
4816
4817
4818
4820
4821
4822
4824
4826
4827
4828
4829
4830
4831
4833
4834
4835
4836
4837
4838
4841
4843
4844
4845
4847
4848
4849
4850
4851
4853
4854
4855
4857
4858
4860
4862
4866
4869
4870
4872
4873
4874
4875
4877
4878
4879
4880
4882
4883
4884
4885
4886
4887
4888
4889
4890
4891
4893
4896
4898
4899
4900
4901
4902
4903
4904
4905
4907
4908
4909
4910
4912
4913
4916
4917
4918
4919
4920
4921
4922
4923
4924
4928
4929
4931
4932
4933
4934
4936
4937
4938
4939
4942
4943
4946
4947
4948
4949
4950
4951
4952
4953
4954
4955
4956
4958
4959
4960
4962
4963
4964
4966
4967
4968
4969
4970
4971
4972
4973
4974
4975
4976
4977
4978
4979
4980
4981
4984
4985
4986
4988
4989
4990
4991
4993
4994
4995
4997
4998
4999
5000
5001
5003
5004
5005
5006
5008
5009
5010
5011
5012
5014
5018
5019
5020
5021
5023
5024
5025
5027
5029
5030
5031
5037
5038
5039
5041
5042
5043
5044
5045
5046
5047
5048
5049
5050
5051
5052
5054
5056
5057
5058
5062
5064
5066
5067
5068
5069
5071
5072
5073
5074
5076
5077
5078
5080
5081
5083
5084
5085
5086
5088
5089
5090
5091
5092
5093
5094
5096
5097
5099
5100
5101
5104
5105
5106
5107
5108
5109
5110
5111
5112
5113
5114
5115
5116
5117
5118
5120
5122
5123
5124
5125
5126
5127
5128
5129
5130
5131
5132
5133
5137
5138
5139
5140
5141
5142
5143
5144
5146
5148
5149
5150
5151
5152
5153
5154
5155
5157
5159
5160
5161
5162
5163
5165
5167
5168
5169
5170
5171
5174
5175
5176
5178
5179
5180
5181
5182
5183
5184
5187
5188
5189
5191
5192
5194
5195
5196
5198
5199
5200
5201
5204
5205
5206
5207
5208
5209
5211
5212
5214
5215
5216
5217
5219
5220
5221
5222
5223
5225
5227
5228
5229
5231
5232
5234
5235
5236
5237
5238
5239
5241
5242
5243
5245
5246
5249
5250
5251
5252
5254
5255
5256
5258
5259
5262
5263
5264
5267
5268
5269
5270
5271
5272
5273
5274
5276
5277
5278
5280
5281
5282
5283
5284
5285
5286
5287
5288
5290
5294
5295
5296
5297
5298
5299
5302
5303
5304
5305
5308
5309
5310
5311
5312
5313
5314
5315
5316
5317
5318
5319
5320
5322
5324
5325
5326
5328
5329
5330
5332
5333
5334
5335
5337
5338
5340
5341
5342
5343
5344
5345
5346
5347
5348
5349
5352
5356
5358
5359
5361
5363
5365
5367
5368
5369
5372
5373
5374
5375
5376
5379
5381
5382
5383
5384
5386
5388
5391
5392
5393
5396
5397
5400
5401
5402
5403
5404
5405
5406
5407
5411
5412
5415
5416
5417
5418
5419
5421
5422
5424
5425
5426
5427
5428
5429
5430
5432
5435
5437
5438
5439
5440
5442
5443
5444
5445
5447
5449
5450
5451
5453
5454
5455
5456
5457
5458
5460
5464
5465
5466
5469
5470
5471
5472
5473
5474
5475
5477
5478
5479
5481
5482
5484
5485
5486
5487
5488
5489
5490
5492
5493
5494
5495
5496
5497
5498
5499
5500
5502
5503
5507
5508
5509
5510
5511
5516
5517
5518
5520
5521
5522
5523
5524
5525
5526
5527
5530
5532
5534
5536
5537
5538
5539
5541
5543
5545
5546
5547
5548
5552
5553
5554
5555
5557
5561
5562
5563
5564
5568
5569
5570
5572
5573
5576
5577
5578
5579
5581
5583
5585
5586
5587
5588
5589
5590
5591
5592
5593
5594
5595
5596
5597
5600
5601
5604
5606
5607
5609
5610
5611
5612
5613
5614
5615
5616
5618
5619
5620
5621
5624
5625
5627
5628
5630
5631
5632
5635
5636
5637
5639
5640
5641
5643
5644
5645
5647
5648
5650
5651
5652
5653
5655
5656
5657
5658
5659
5664
5665
5666
5667
5670
5671
5672
5673
5675
5677
5680
5682
5683
5685
5687
5689
5691
5692
5695
5696
5698
5699
5701
5703
5704
5705
5706
5707
5709
5710
5713
5714
5717
5718
5719
5720
5721
5722
5723
5724
5725
5726
5727
5728
5729
5730
5731
5733
5734
5735
5736
5739
5740
5742
5743
5746
5747
5749
5750
5751
5752
5754
5755
5756
5758
5759
5760
5761
5762
5763
5764
5766
5768
5769
5770
5771
5772
5773
5774
5775
5776
5777
5778
5779
5780
5783
5784
5785
5786
5787
5788
5791
5792
5793
5794
5795
5796
5797
5799
5800
5801
5802
5805
5806
5808
5810
5811
5813
5814
5815
5817
5818
5819
5820
5821
5824
5826
5827
5829
5831
5832
5833
5834
5836
5837
5840
5841
5842
5843
5845
5846
5847
5849
5852
5853
5854
5856
5857
5858
5860
5861
5862
5863
5865
5867
5868
5869
5870
5871
5873
5874
5875
5876
5877
5878
5879
5881
5882
5883
5884
5885
5886
5887
5888
5889
5890
5891
5893
5894
5895
5896
5897
5898
5899
5900
5902
5904
5906
5907
5908
5909
5910
5911
5912
5914
5915
5916
5917
5919
5920
5921
5924
5925
5926
5928
5932
5935
5936
5938
5939
5941
5943
5944
5945
5950
5952
5954
5955
5959
5960
5962
5963
5964
5965
5966
5967
5968
5969
5970
5971
5972
5974
5975
5976
5977
5980
5982
5983
5984
5986
5987
5988
5989
5990
5991
5992
5994
5995
5996
5997
5998
5999
6001
6004
6005
6006
6008
6009
6010
6011
6012
6013
6014
6015
6016
6017
6018
6019
6020
6023
6024
6025
6027
6028
6032
6033
6034
6035
6037
6039
6040
6041
6043
6045
6046
6048
6049
6050
6051
6052
6053
6055
6057
6058
6059
6060
6061
6062
6064
6065
6066
6067
6069
6071
6072
6075
6076
6078
6079
6080
6081
6082
6083
6084
6087
6089
6090
6091
6092
6095
6097
6099
6100
6101
6104
6106
6107
6108
6109
6113
6114
6115
6117
6118
6122
6123
6124
6125
6126
6127
6129
6130
6131
6133
6134
6135
6136
6137
6142
6144
6147
6148
6153
6154
6155
6156
6157
6158
6159
6160
6161
6162
6163
6164
6166
6167
6169
6171
6172
6174
6176
6177
6178
6180
6182
6183
6184
6185
6186
6187
6189
6190
6191
6194
6196
6197
6198
6199
6201
6205
6206
6207
6208
6209
6211
6212
6213
6214
6218
6219
6220
6221
6222
6223
6224
6225
6227
6228
6229
6231
6232
6233
6234
6235
6236
6237
6238
6240
6243
6244
6245
6246
6248
6249
6251
6252
6253
6255
6256
6260
6261
6262
6263
6265
6266
6267
6268
6269
6270
6271
6272
6273
6274
6275
6277
6279
6280
6281
6282
6283
6284
6285
6286
6289
6290
6293
6295
6296
6297
6298
6299
6300
6301
6302
6303
6306
6309
6310
6311
6312
6314
6316
6317
6318
6319
6320
6321
6322
6323
6326
6329
6330
6331
6332
6333
6334
6336
6337
6338
6339
6340
6341
6342
6343
6344
6346
6350
6351
6353
6354
6355
6356
6357
6358
6359
6360
6361
6362
6364
6365
6366
6367
6368
6369
6370
6371
6375
6376
6377
6378
6379
6382
6384
6385
6388
6390
6392
6393
6394
6395
6397
6400
6401
6402
6403
6404
6405
6406
6407
6410
6412
6413
6414
6416
6419
6421
6422
6423
6424
6425
6426
6427
6428
6430
6431
6433
6434
6435
6436
6439
6442
6444
6446
6447
6448
6449
6451
6452
6453
6454
6456
6457
6458
6459
6461
6463
6465
6466
6468
6469
6471
6472
6474
6475
6477
6478
6479
6480
6481
6483
6484
6487
6488
6489
6490
6491
6492
6493
6494
6495
6496
6497
6498
6499
6501
6504
6505
6508
6509
6514
6515
6516
6517
6518
6520
6521
6522
6523
6524
6525
6526
6527
6529
6531
6532
6534
6537
6539
6541
6542
6543
6544
6545
6546
6547
6548
6549
6550
6551
6552
6554
6555
6556
6558
6560
6563
6564
6565
6566
6567
6568
6569
6571
6572
6573
6574
6575
6576
6577
6580
6582
6584
6585
6586
6587
6588
6589
6590
6591
6593
6594
6595
6596
6597
6598
6600
6601
6602
6603
6604
6605
6608
6609
6610
6611
6612
6614
6615
6616
6618
6619
6620
6621
6622
6623
6624
6625
6626
6628
6629
6632
6633
6635
6639
6640
6641
6642
6646
6647
6648
6649
6650
6651
6652
6653
6654
6655
6657
6661
6662
6663
6664
6665
6667
6668
6669
6670
6671
6672
6675
6677
6678
6680
6682
6684
6685
6686
6689
6690
6691
6692
6693
6696
6698
6699
6701
6703
6705
6706
6707
6708
6710
6711
6712
6715
6717
6718
6719
6720
6721
6722
6724
6728
6729
6730
6731
6732
6733
6734
6737
6738
6739
6740
6741
6742
6744
6745
6746
6747
6750
6751
6753
6754
6755
6756
6757
6758
6759
6760
6761
6762
6764
6766
6767
6768
6769
6771
6772
6773
6774
6775
6778
6780
6781
6783
6784
6789
6790
6792
6793
6794
6796
6799
6802
6804
6806
6808
6810
6811
6812
6813
6814
6815
6816
6818
6819
6820
6821
6822
6823
6824
6825
6828
6829
6830
6831
6832
6834
6835
6836
6838
6839
6840
6841
6842
6844
6845
6846
6847
6848
6849
6851
6852
6853
6854
6855
6856
6857
6858
6859
6860
6861
6862
6864
6866
6868
6869
6870
6871
6874
6875
6876
6877
6878
6879
6880
6881
6883
6885
6886
6889
6891
6892
6893
6894
6895
6896
6898
6900
6901
6904
6905
6907
6909
6911
6912
6916
6917
6919
6920
6922
6924
6926
6927
6929
6930
6931
6932
6937
6939
6941
6942
6943
6944
6947
6950
6952
6953
6954
6955
6956
6957
6958
6960
6961
6963
6964
6966
6967
6969
6970
6971
6972
6973
6974
6975
6977
6978
6979
6980
6981
6982
6984
6987
6988
6989
6991
6992
6994
6996
6997
6998
6999
7000
7001
7003
7004
7005
7007
7008
7010
7011
7012
7015
7016
7019
7023
7024
7025
7026
7027
7028
7029
7031
7033
7034
7036
7038
7040
7041
7044
7046
7049
7051
7052
7053
7054
7055
7056
7057
7059
7060
7062
7063
7064
7066
7068
7069
7070
7071
7073
7074
7075
7076
7077
7078
7079
7080
7082
7083
7084
7085
7086
7088
7089
7091
7092
7093
7094
7095
7098
7099
7100
7101
7103
7104
7105
7106
7107
7108
7109
7111
7112
7113
7114
7116
7117
7120
7121
7122
7125
7126
7127
7128
7129
7131
7133
7134
7135
7136
7138
7139
7140
7142
7143
7144
7145
7146
7148
7149
7152
7153
7154
7155
7156
7157
7158
7159
7160
7161
7162
7163
7164
7165
7166
7167
7168
7171
7172
7175
7176
7179
7180
7181
7183
7184
7186
7187
7188
7190
7191
7193
7196
7197
7198
7199
7200
7201
7202
7203
7204
7207
7208
7209
7210
7211
7212
7213
7214
7215
7216
7217
7219
7220
7221
7224
7226
7227
7228
7229
7231
7233
7234
7235
7237
7238
7241
7242
7243
7245
7246
7247
7249
7250
7253
7255
7257
7258
7261
7262
7263
7264
7265
7266
7267
7268
7269
7271
7272
7273
7274
7275
7277
7278
7279
7280
7281
7282
7283
7284
7285
7286
7287
7289
7290
7291
7292
7293
7294
