5467
5468
5470
5471
5474
5475
5476
5477
5478
5479
5480
5481
5486
5487
5488
5489
5490
5493
5494
5496
5497
5498
5499
5502
5505
5506
5507
5508
5509
5510
5511
5512
5513
5514
5515
5518
5520
5521
5522
5524
5525
5526
5527
5528
5529
5530
5531
5532
5533
5536
5538
5539
5542
5544
5545
5546
5547
5548
5549
5550
5551
5552
5553
5554
5556
5557
5558
5560
5561
5562
5563
5564
5565
5566
5567
5569
5571
5572
5573
5574
5575
5576
5578
5579
5580
5582
5583
5584
5585
5586
5589
5590
5591
5592
5593
5594
5595
5596
5598
5599
5600
5603
5604
5605
5607
5610
5611
5614
5615
5616
5619
5624
5625
5627
5629
5631
5632
5633
5634
5636
5639
5640
5641
5642
5644
5645
5646
5647
5648
5650
5651
5656
5657
5658
5659
5660
5661
5662
5663
5664
5666
5668
5669
5670
5671
5672
5674
5676
5679
5680
5681
5684
5686
5687
5691
5692
5693
5694
5695
5697
5698
5700
5702
5703
5705
5706
5707
5711
5712
5714
5716
5718
5719
5721
5722
5723
5724
5725
5726
5727
5729
5730
5731
5732
5733
5734
5735
5736
5737
5738
5739
5741
5742
5744
5745
5746
5747
5748
5749
5750
5751
5752
5753
5754
5755
5756
5757
5758
5760
5762
5763
5764
5765
5766
5768
5769
5770
5771
5772
5774
5775
5776
5777
5779
5783
5784
5785
5786
5787
5788
5789
5791
5792
5793
5795
5798
5800
5801
5802
5803
5804
5806
5807
5808
5809
5810
5811
5812
5815
5816
5817
5818
5819
5820
5821
5822
5823
5825
5826
5827
5828
5829
5830
5832
5835
5836
5837
5838
5839
5840
5841
5842
5843
5844
5845
5847
5850
5851
5853
5854
5856
5858
5859
5861
5862
5864
5866
5867
5868
5870
5871
5872
5874
5875
5877
5881
5882
5885
5888
5889
5890
5891
5893
5894
5895
5896
5899
5903
5904
5905
5906
5908
5910
5911
5912
5913
5915
5916
5917
5918
5919
5921
5922
5923
5924
5925
5927
5928
5932
5933
5934
5935
5937
5938
5939
5941
5942
5944
5947
5948
5949
5951
5952
5955
5956
5957
5958
5959
5961
5963
5964
5965
5966
5968
5969
5970
5971
5972
5973
5978
5980
5981
5982
5983
5985
5986
5988
5989
5990
5991
5992
5993
5994
5995
5998
5999
6001
6002
6004
6007
6008
6009
6011
6012
6013
6014
6016
6017
6018
6019
6020
6021
6024
6025
6027
6028
6030
6032
6034
6035
6036
6037
6038
6040
6041
6042
6043
6044
6045
6046
6047
6048
6050
6051
6053
6054
6056
6057
6058
6059
6061
6062
6064
6066
6067
6068
6069
6070
6071
6072
6073
6075
6076
6077
6079
6080
6081
6082
6084
6085
6086
6088
6089
6091
6092
6093
6095
6096
6097
6098
6099
6100
6101
6102
6104
6107
6109
6110
6111
6115
6116
6117
6119
6120
6121
6122
6123
6126
6127
6128
6129
6130
6131
6132
6133
6134
6135
6136
6137
6139
6140
6141
6143
6145
6146
6148
6151
6152
6158
6159
6161
6162
6165
6167
6168
6171
6172
6173
6174
6175
6176
6178
6179
6180
6181
6183
6184
6185
6186
6188
6190
6191
6193
6194
6195
6197
6198
6199
6201
6202
6204
6205
6206
6207
6208
6209
6210
6211
6212
6213
6216
6218
6219
6220
6221
6222
6223
6224
6225
6227
6228
6229
6230
6231
6232
6233
6234
6235
6236
6238
6239
6240
6241
6242
6243
6246
6249
6250
6251
6253
6254
6255
6256
6259
6260
6261
6262
6263
6264
6267
6268
6269
6270
6272
6274
6276
6277
6278
6279
6280
6281
6282
6285
6286
6288
6289
6290
6292
6293
6294
6295
6296
6298
6300
6302
6303
6304
6305
6306
6307
6308
6309
6314
6315
6316
6317
6318
6319
6320
6321
6323
6324
6325
6326
6327
6328
6331
6332
6333
6334
6335
6336
6337
6338
6339
6341
6342
6343
6346
6348
6349
6350
6352
6353
6355
6356
6357
6358
6359
6360
6363
6364
6365
6367
6369
6370
6373
6374
6377
6378
6379
6380
6381
6382
6383
6385
6386
6388
6389
6390
6391
6392
6394
6395
6396
6397
6398
6399
6400
6401
6402
6403
6404
6405
6406
6407
6408
6409
6410
6411
6413
6414
6415
6418
6421
6422
6425
6426
6427
6428
6429
6430
6432
6433
6434
6435
6438
6440
6441
6442
6443
6444
6445
6447
6448
6450
6453
6454
6456
6458
6459
6460
6461
6462
6464
6465
6466
6467
6468
6469
6470
6471
6472
6473
6474
6475
6476
6477
6479
6480
6481
6482
6483
6486
6488
6494
6495
6498
6499
6500
6501
6502
6505
6506
6509
6510
6512
6513
6514
6515
6517
6518
6519
6520
6522
6524
6526
6527
6529
6530
6532
6533
6534
6535
6536
6538
6539
6540
6541
6542
6543
6544
6546
6549
6551
6552
6554
6555
6556
6557
6558
6559
6560
6561
6562
6563
6564
6565
6566
6567
6568
6570
6571
6572
6573
6574
6575
6576
6577
6578
6579
6581
6585
6586
6588
6589
6590
6592
6593
6594
6595
6596
6598
6601
6602
6603
6606
6609
6610
6611
6612
6613
6617
6618
6619
6622
6623
6624
6625
6628
6629
6630
6631
6632
6635
6636
6637
6638
6640
6641
6642
6643
6644
6645
6646
6647
6648
6649
6650
6651
6653
6654
6655
6656
6657
6658
6660
6661
6662
6663
6664
6666
6668
6670
6671
6673
6674
6675
6677
6679
6680
6682
6683
6685
6686
6687
6688
6689
6690
6692
6694
6695
6696
6697
6698
6699
6700
6702
6703
6704
6705
6706
6708
6709
6710
6711
6712
6713
6715
6716
6720
6721
6722
6723
6725
6727
6728
6731
6732
6733
6734
6735
6737
6738
6739
6741
6744
6745
6746
6748
6749
6750
6751
6752
6753
6754
6755
6756
6758
6759
6760
6762
6763
6764
6765
6766
6767
6768
6769
6770
6771
6772
6774
6775
6776
6777
6778
6779
6780
6782
6783
6784
6785
6786
6788
6789
6791
6792
6793
6794
6795
6797
6798
6799
6801
6802
6803
6804
6806
6808
6809
6810
6811
6814
6815
6816
6819
6822
6823
6827
6828
6830
6832
6833
6834
6835
6836
6837
6838
6840
6843
6846
6847
6848
6849
6850
6851
6852
6854
6855
6856
6858
6860
6861
6862
6863
6864
6865
6868
6869
6870
6872
6873
6874
6875
6876
6877
6878
6879
6881
6882
6884
6885
6886
6888
6889
6890
6892
6893
6894
6898
6900
6902
6903
6904
6905
6906
6907
6908
6910
6912
6913
6915
6917
6918
6919
6920
6921
6922
6924
6925
6928
6930
6931
6934
6936
6937
6938
6939
6940
6941
6942
6943
6944
6947
6948
6949
6950
6951
6952
6953
6956
6957
6958
6959
6960
6962
6963
6965
6966
6968
6969
6970
6971
6972
6975
6976
6977
6980
6982
6986
6987
6988
6989
6990
6991
6992
6993
6994
6995
6996
6997
6998
6999
7000
7001
7002
7003
7004
7005
7009
7010
7014
7015
7017
7021
7022
7024
7025
7026
7028
7030
7031
7032
7034
7035
7036
7038
7039
7040
7041
7042
7043
7045
7046
7050
7051
7052
7053
7054
7055
7056
7057
7059
7061
7062
7064
7065
7066
7067
7068
7069
7074
7075
7078
7079
7082
7083
7084
7085
7086
7088
7089
7090
7091
7092
7094
7095
7096
7099
7102
7103
7104
7105
7106
7107
7108
7109
7110
7111
7112
7113
7116
7117
7118
7119
7123
7124
7125
7126
7129
7130
7131
7135
7137
7138
7139
7141
7142
7143
7144
7145
7146
7148
7149
7150
7152
7153
7156
7157
7160
7162
7163
7164
7165
7167
7170
7171
7172
7173
7174
7176
7180
7182
7183
7184
7185
7186
7187
7188
7189
7190
7191
7192
7194
7195
7196
7197
7199
7200
7201
7202
7204
7205
7206
7207
7209
7210
7211
7212
7213
7214
7219
7221
7222
7223
7225
7226
7229
7230
7231
7232
7233
7234
7235
7237
7238
7241
7242
7243
7244
7245
7246
7248
7249
7252
7253
7255
7257
7258
7259
7260
7261
7262
7264
7266
7267
7268
7269
7271
7274
7278
7280
7281
7282
7284
7286
7287
7288
7289
7290
7291
7294
7296
7297
7299
7301
7302
7303
7305
7306
7307
7309
7311
7312
7313
7314
7319
7320
7321
7323
7324
7325
7327
7328
7329
7330
7331
7334
7335
7337
7339
7340
7342
7343
7348
7349
7350
7351
7352
7353
7354
7355
7356
7357
7358
7359
7360
7361
7362
7363
7364
7365
7366
7367
7369
7370
7371
7372
7373
7374
7375
7376
7377
7378
7380
7382
7383
7384
7385
7386
7389
7390
7391
7393
7395
7398
7399
7401
7403
7405
7406
7407
7408
7409
7411
7412
7413
7414
7415
7416
7417
7418
7419
7420
7421
7422
7423
7425
7426
7427
7428
7429
7430
7432
7433
7435
7436
7441
7442
7443
7444
7445
7446
7447
7448
7449
7450
7451
7452
7453
7454
7458
7459
7460
7461
7463
7464
7465
7468
7469
7470
7471
7472
7473
7474
7475
7477
7478
7480
7481
7482
7483
7484
7485
7486
7487
7489
7490
7491
7493
7494
7497
7499
7500
7502
7503
7504
7505
7506
7507
7508
7509
7511
7512
7514
7515
7516
7517
7519
7520
7521
7522
7523
7524
7526
7527
7528
7531
7534
7535
7536
7537
7538
7539
7540
7541
7542
7543
7546
7551
7552
7555
7556
7557
7558
7559
7561
7562
7564
7565
7566
7567
7568
7569
7570
7571
7573
7574
7576
7577
7578
7579
7581
7582
7583
7585
7586
7588
7597
7598
7599
7602
7603
7605
7608
7609
7610
7611
7616
7618
7619
7620
7622
7624
7625
7626
7627
7629
7630
7632
7634
7635
7636
7637
7638
7640
7641
7642
7644
7645
7646
7647
7648
7650
7651
7652
7653
7654
7655
7656
7657
7658
7659
7660
7662
7664
7666
7667
7668
7669
7671
7672
7673
7676
7677
7679
7680
7682
7683
7687
7691
7692
7694
7695
7696
7697
7698
7699
7700
7701
7703
7706
7707
7708
7709
7710
7711
7712
7715
7716
7717
7718
7720
7721
7723
7725
7726
7727
7728
7729
7730
7731
7733
7734
7735
7736
7737
7739
7740
7741
7742
7743
7744
7746
7747
7749
7750
7751
7752
7754
7755
7756
7757
7758
7759
7760
7761
7763
7764
7765
7766
7768
7769
7771
7772
7773
7774
7775
7776
7779
7780
7782
7783
7786
7787
7788
7789
7791
7792
7793
7796
7797
7800
7801
7802
7803
7804
7805
7806
7807
7808
7809
7810
7811
7812
7813
7814
7815
7816
7817
7818
7819
7820
7821
7822
7823
7824
7827
7828
7829
7830
7831
7832
7833
7835
7838
7839
7840
7842
7843
7844
7846
7847
7848
7849
7850
7851
7852
7853
7854
7856
7857
7858
7860
7861
7863
7864
7865
7866
7867
7870
7871
7872
7873
7875
7876
7878
7879
7880
7881
7885
7887
7888
7890
7892
7893
7894
7895
7897
7898
7899
7900
7901
7902
7904
7906
7907
7910
7911
7912
7915
7916
7917
7918
7920
7921
7923
7924
7925
7926
7927
7928
7930
7931
7936
7937
7938
7939
7941
7942
7944
7945
7947
7949
7950
7952
7955
7957
7961
7962
7963
7965
7966
7967
7970
7971
7972
7973
7974
7976
7977
7980
7981
7982
7985
7987
7988
7989
7992
7995
7997
7999
8001
8004
8005
8006
8010
8011
8013
8014
8015
8016
8017
8018
8019
8020
8021
8022
8023
8024
8025
8026
8027
8028
8029
8030
8031
8034
8036
8038
8039
8040
8041
8042
8043
8045
8046
8047
8049
8050
8051
8053
8054
8055
8056
8057
8058
8059
8060
8061
8062
8063
8065
8066
8067
8069
8070
8071
8072
8073
8074
8075
8076
8077
8078
8081
8082
8083
8084
8085
8086
8087
8088
8089
8090
8091
8093
8094
8095
8096
8097
8098
8100
8101
8102
8104
8105
8106
8107
8108
8109
8111
8112
8113
8114
8115
8116
8118
8119
8120
8121
8122
8123
8124
8125
8129
8132
8133
8134
8138
8141
8142
8143
8144
8145
8147
8148
8149
8150
8151
8154
8155
8156
8157
8162
8164
8167
8168
8169
8170
8171
8172
8173
8174
8175
8176
8177
8178
8179
8180
8185
8186
8187
8188
8190
8191
8192
8193
8194
8196
8198
8199
8200
8201
8202
8203
8204
8205
8206
8207
8210
8212
8213
8219
8220
8222
8224
8225
8226
8229
8233
8234
8236
8237
8238
8241
8242
8244
8245
8248
8250
8251
8253
8254
8255
8256
8257
8260
8261
8263
8264
8265
8266
8268
8270
8271
8272
8274
8275
8276
8277
8278
8279
8280
8281
8283
8286
8287
8288
8289
8290
8291
8292
8293
8295
8296
8297
8298
8299
8300
8302
8303
8304
8305
8306
8307
8308
8310
8311
8313
8314
8315
8318
8319
8321
8322
8324
8325
8328
8329
8330
8332
8333
8335
8337
8338
8339
8340
8342
8343
8344
8345
8346
8347
8348
8349
8350
8351
8352
8353
8355
8357
8358
8359
8361
8362
8363
8365
8367
8368
8370
8371
8374
8378
8382
8383
8384
8386
8387
8390
8391
8393
8394
8396
8397
8398
8399
8401
8402
8404
8405
8408
8409
8410
8411
8413
8414
8415
8416
8417
8419
8422
8426
8428
8429
8433
8434
8435
8436
8437
8438
8439
8440
8441
8443
8444
8445
8447
8448
8449
8450
8452
8453
8454
8455
8456
8457
8458
8459
8460
8461
8462
8463
8464
8465
8466
8467
8469
8471
8472
8473
8475
8476
8478
8479
8480
8481
8482
8484
8485
8486
8488
8490
8491
8492
8494
8495
8496
8498
8499
8500
8501
8502
8503
8504
8505
8506
8507
8508
8509
8513
8514
8515
8516
8517
8519
8520
8521
8522
8524
8526
8527
8528
8529
8531
8532
8534
8535
8536
8538
8542
8543
8544
8545
8546
8547
8548
8549
8551
8554
8555
8556
8557
8558
8559
8562
8563
8565
8566
8567
8568
8569
8572
8573
8577
8579
8580
8582
8583
8584
8587
8588
8589
8591
8592
8594
8595
8596
8600
8602
8603
8605
8607
8609
8610
8611
8612
8613
8614
8615
8616
8617
8618
8620
8621
8622
8623
8624
8625
8626
8627
8629
8630
8632
8633
8635
8636
8637
8638
8639
8640
8641
8645
8647
8648
8650
8651
8652
8654
8655
8656
8657
8658
8660
8663
8664
8665
8666
8667
8668
8670
8671
8672
8673
8674
8675
8676
8677
8678
8679
8680
8681
8682
8683
8686
8688
8689
8690
8691
8692
8693
8694
8695
8696
8697
8698
8701
8702
8703
8705
8706
8707
8708
8709
8712
8713
8714
8715
8717
8719
8720
8721
8722
8723
8724
8726
8727
8729
8730
8731
8732
8734
8735
8737
8738
8739
8741
8743
8744
8748
8749
8753
8754
8756
8757
8758
8759
8760
8761
8762
8763
8764
8765
8766
8768
8770
8771
8774
8775
8776
8777
8778
8779
8780
8781
8782
8784
8785
8786
8787
8788
8791
8796
8797
8798
8799
8800
8801
8802
8806
8807
8808
8811
8812
8813
8815
8816
8817
8818
8819
8821
8822
8824
8825
8826
8829
8830
8831
8832
8833
8835
8836
8837
8838
8839
8841
8842
8843
8845
8846
8849
8853
8854
8855
8856
8858
8859
8860
8861
8862
8864
8865
8866
8867
8868
8871
8872
8874
8875
8876
8878
8879
8880
8881
8882
8884
8886
8887
8888
8890
8892
8893
8894
8897
8899
8900
8901
8902
8905
8906
8908
8909
8912
8913
8914
8916
8917
8920
8921
8922
8923
8924
8925
8926
8927
8929
8930
8932
8933
8934
8935
8936
8937
8938
8939
8940
8942
8943
8944
8945
8946
8947
8948
8949
8951
8952
8954
8955
8956
8958
8959
8960
8961
8962
8963
8964
8966
8967
8968
8970
8971
8972
8973
8974
8977
8979
8980
8981
8982
8983
8984
8985
8986
8987
8989
8992
8993
8994
8995
8998
8999
9000
9001
9004
9005
9006
9007
9008
9009
9010
9011
9012
9013
9015
9016
9017
9018
9021
9022
9023
9024
9025
9026
9027
9028
9030
9031
9032
9033
9034
9035
9036
9037
9038
9039
9040
9041
9044
9045
9047
9048
9049
9050
9051
9052
9053
9054
9056
9058
9060
9061
9063
9064
9065
9066
9067
9068
9069
9070
9071
9073
9075
9076
9077
9079
9080
9081
9082
9083
9084
9090
9091
9094
9096
9097
9098
9099
9100
9101
9102
9104
9105
9106
9108
9109
9112
9113
9114
9115
9116
9118
9119
9120
9124
9125
9126
9128
9129
9130
9131
9132
9135
9136
9137
9138
9139
9141
9144
9145
9146
9147
9148
9149
9151
9153
9154
9156
9157
9158
9160
9161
9162
9163
9165
9166
9167
9168
9169
9171
9172
9173
9174
9176
9177
9178
9179
9180
9182
9184
9185
9186
9188
9189
9190
9193
9194
9197
9198
9200
9201
9203
9204
9206
9208
9209
9210
9212
9213
9214
9215
9217
9219
9220
9221
9224
9225
9228
9229
9230
9231
9232
9234
9235
9236
9237
9238
9239
9240
9242
9243
9244
9245
9247
9249
9250
9251
9252
9254
9255
9256
9258
9260
9265
9266
9267
9268
9270
9271
9272
9273
9274
9277
9279
9281
9282
9284
9285
9286
9287
9288
9289
9291
9293
9294
9295
9297
9298
9299
9300
9301
9302
9303
9304
9306
9307
9310
9311
9312
9314
9315
9316
9317
9318
9319
9320
9324
9325
9326
9327
9330
9331
9332
9334
9336
9337
9344
9345
9346
9347
9350
9351
9352
9353
9355
9356
9358
9359
9360
9361
9362
9363
9364
9365
9366
9368
9370
9371
9372
9373
9374
9376
9378
9379
9380
9381
9383
9384
9385
9386
9389
9391
9392
9393
9395
9396
9397
9398
9399
9400
9402
9406
9407
9408
9410
9411
9412
9414
9415
9417
9419
9420
9421
9426
9427
9428
9429
9430
9432
9433
9434
9435
9436
9437
9439
9442
9444
9445
9446
9447
9448
9449
9450
9451
9452
9453
9456
9457
9459
9460
9462
9464
9465
9466
9467
9468
9469
9470
9471
9473
9475
9476
9477
9478
9479
9480
9482
9487
9488
9489
9490
9491
9492
9494
9495
9496
9498
9500
9501
9504
9505
9506
9509
9510
9513
9514
9516
9517
9518
9519
9520
9521
9522
9523
9524
9525
9527
9528
9529
9530
9531
9532
9533
9535
9536
9539
9540
9541
9542
9543
9544
9545
9546
9547
9548
9550
9552
9553
9554
9559
9563
9564
9567
9568
9570
9571
9572
9573
9574
9575
9581
9582
9584
9585
9588
9591
9592
9594
9596
9598
9599
9601
9602
9603
9604
9605
9606
9609
9610
9611
9612
9615
9616
9617
9619
9620
9621
9622
9624
9626
9629
9630
9631
9632
9633
9634
9635
9637
9638
9639
9640
9642
9643
9644
9646
9647
9648
9649
9652
9653
9654
9655
9656
9658
9659
9660
9665
9667
9668
9669
9670
9672
9674
9675
9677
9678
9679
9681
9682
9683
9685
9686
9687
9689
9691
9692
9693
9694
9696
9697
9698
9700
9702
9703
9704
9705
9707
9708
9709
9710
9711
9712
9715
9717
9718
9719
9721
9722
9723
9724
9725
9726
9727
9728
9730
9731
9732
9733
9734
9735
9738
9739
9740
9741
9742
9743
9745
9746
9748
9749
9750
9751
9753
9755
9756
9757
9758
9759
9760
9761
9762
9763
9764
9765
9766
9767
9768
9769
9771
9772
9773
9774
9775
9776
9777
9779
9780
9782
9783
9784
9785
9786
9787
9788
9789
9790
9792
9793
9794
9795
9796
9797
9798
9799
9800
9801
9803
9804
9805
9806
