1646
1651
1655
1656
1659
1661
1662
1663
1667
1668
1669
1670
1671
1672
1676
1678
1680
1681
1682
1683
1685
1686
1687
1688
1690
1692
1693
1694
1695
1697
1698
1700
1701
1704
1705
1707
1708
1709
1711
1712
1713
1714
1715
1716
1717
1719
1721
1722
1723
1724
1725
1726
1729
1730
1731
1732
1733
1734
1735
1736
1739
1740
1741
1742
1743
1744
1745
1747
1748
1749
1750
1751
1752
1753
1754
1757
1758
1759
1760
1762
1763
1764
1765
1766
1767
1768
1771
1773
1774
1778
1779
1780
1781
1782
1785
1786
1787
1788
1789
1790
1791
1793
1794
1796
1797
1799
1800
1801
1802
1803
1805
1806
1807
1808
1810
1811
1813
1815
1817
1822
1823
1824
1825
1826
1827
1828
1829
1830
1831
1832
1833
1834
1835
1836
1839
1842
1844
1845
1846
1847
1848
1849
1850
1851
1854
1855
1856
1862
1863
1865
1866
1868
1869
1870
1872
1873
1874
1875
1877
1879
1880
1881
1882
1883
1884
1885
1887
1888
1889
1890
1892
1893
1894
1895
1896
1897
1898
1899
1900
1901
1903
1904
1905
1906
1907
1908
1910
1911
1912
1913
1914
1917
1919
1920
1921
1922
1923
1925
1926
1927
1929
1932
1934
1936
1938
1940
1942
1943
1944
1945
1946
1948
1950
1951
1953
1954
1955
1956
1957
1958
1960
1961
1962
1963
1965
1966
1968
1970
1972
1973
1975
1976
1977
1979
1981
1985
1987
1989
1990
1991
1994
1998
1999
2000
2001
2002
2003
2005
2006
2007
2008
2009
2010
2012
2014
2016
2020
2021
2022
2024
2025
2026
2028
2029
2031
2032
2033
2034
2036
2037
2038
2039
2040
2041
2042
2043
2044
2045
2046
2047
2048
2049
2051
2052
2053
2054
2056
2059
2061
2062
2063
2064
2065
2066
2067
2068
2069
2071
2072
2073
2074
2075
2076
2078
2079
2080
2081
2082
2083
2084
2086
2087
2091
2092
2093
2094
2095
2096
2097
2098
2099
2102
2103
2104
2109
2111
2112
2113
2114
2116
2118
2119
2121
2122
2123
2124
2126
2127
2128
2130
2131
2132
2133
2134
2135
2137
2138
2139
2140
2141
2144
2145
2146
2147
2148
2149
2150
2151
2154
2155
2157
2158
2159
2161
2162
2163
2165
2166
2167
2168
2169
2170
2171
2172
2173
2174
2175
2176
2177
2178
2180
2181
2183
2184
2185
2186
2187
2188
2189
2190
2191
2192
2194
2195
2196
2197
2199
2200
2201
2204
2205
2206
2207
2209
2210
2212
2214
2215
2216
2217
2218
2219
2220
2221
2222
2226
2227
2229
2230
2231
2232
2236
2237
2238
2239
2242
2243
2244
2245
2246
2247
2248
2251
2253
2254
2256
2257
2258
2259
2260
2262
2263
2264
2265
2266
2267
2268
2270
2273
2275
2276
2277
2278
2279
2280
2281
2282
2283
2285
2288
2290
2291
2294
2296
2299
2300
2301
2302
2303
2306
2307
2308
2309
2311
2312
2314
2316
2318
2320
2321
2322
2323
2324
2325
2328
2329
2331
2332
2333
2335
2336
2337
2339
2340
2341
2342
2343
2344
2345
2346
2347
2348
2349
2350
2351
2352
2354
2355
2356
2358
2359
2360
2362
2363
2364
2365
2366
2368
2369
2370
2373
2374
2376
2379
2380
2381
2385
2386
2387
2388
2389
2390
2391
2393
2396
2397
2398
2399
2402
2403
2404
2405
2406
2407
2408
2409
2410
2412
2414
2415
