8016
8021
8025
8026
8026
8027
8027
8028
8031
8031
8032
8032
8033
8034
8038
8040
8043
8043
8044
8045
8046
8046
8047
8048
8049
8051
8051
8052
8053
8054
8054
8056
8056
8057
8058
8059
8062
8062
8066
8072
8072
8073
8075
8077
8079
8080
8084
8086
8089
8091
8092
8094
8098
8098
8099
8102
8103
8103
8106
8108
8110
8113
8114
8115
8116
8116
8118
8120
8120
8121
8121
8123
8124
8124
8125
8125
8125
8126
8127
8134
8135
8139
8140
8140
8145
8145
8145
8146
8146
8147
8149
8151
8151
8152
8153
8153
8154
8158
8159
8159
8159
8160
8161
8162
8162
8162
8163
8166
8167
8167
8171
8174
8175
8177
8177
8177
8177
8178
8181
8181
8182
8183
8183
8186
8187
8193
8194
8199
8200
8200
8201
8201
8203
8203
8205
8206
8206
8206
8207
8211
8214
8214
8218
8219
8221
8225
8226
8226
8226
8227
8228
8229
8229
8230
8230
8230
8232
8237
8238
8238
8240
8240
8241
8241
8243
8246
8246
8248
8248
8249
8249
8249
8251
8253
8254
8258
8259
8259
8260
8262
8263
8264
8265
8267
8267
8268
8271
8276
8283
8283
8286
8286
8287
8287
8287
8287
8288
8290
8293
8294
8295
8297
8298
8300
8301
8302
8303
8304
8306
8306
8306
8308
8309
8310
8310
8311
8313
8314
8319
8319
8322
8322
8322
8323
8325
8325
8329
8329
8329
8330
8330
8330
8331
8331
8332
8332
8334
8334
8335
8335
8337
8338
8339
8340
8340
8341
8343
8344
8344
8345
8346
8346
8346
8347
8347
8348
8351
8352
8353
8355
8359
8362
8363
8364
8364
8368
8370
8370
8371
8371
8371
8373
8373
8374
8375
8375
8377
8377
8378
8378
8381
8382
8385
8387
8387
8388
8388
8394
8398
8398
8399
8400
8401
8405
8406
8406
8406
8408
8408
8408
8411
8417
8418
8419
8419
8420
8420
8420
8421
8422
8427
8429
8429
8430
8431
8432
8434
8438
8438
8439
8440
8440
8444
8445
8446
8446
8447
8450
8451
8451
8451
8455
8455
8456
8456
8458
8458
8460
8462
8463
8463
8463
8464
8466
8467
8469
8472
8472
8475
8477
8477
8478
8478
8480
8482
8484
8484
8485
8485
8485
8488
8488
8489
8490
8493
8493
8493
8494
8495
8499
8501
8503
8504
8505
8506
8508
8509
8509
8514
8514
8517
8519
8520
8520
8524
8524
8527
8528
8528
8528
8528
8529
8531
8532
8537
8539
8539
8540
8540
8540
8541
8542
8545
8545
8545
8549
8550
8552
8552
8554
8556
8559
8561
8563
8563
8566
8566
8567
8567
8569
8574
8576
8576
8577
8584
8585
8585
8585
8585
8586
8586
8589
8590
8592
8592
8598
8599
8601
8604
8606
8607
8608
8608
8611
8611
8614
8615
8616
8619
8620
8624
8624
8624
8625
8627
8628
8629
8629
8629
8629
8630
8631
8633
8633
8634
8635
8635
8636
8636
8637
8637
8638
8642
8642
8643
8646
8649
8649
8649
8649
8652
8652
8652
8653
8653
8654
8655
8655
8656
8657
8657
8659
8660
8661
8661
8666
8666
8666
8670
8671
8671
8671
8674
8674
8676
8678
8680
8683
8683
8692
8693
8700
8704
8705
8707
8708
8709
8710
8711
8711
8711
8712
8713
8714
8716
8716
8717
8717
8719
8721
8721
8722
8723
8724
8725
8731
8737
8737
8738
8738
8738
8739
8739
8740
8740
8740
8744
8746
8746
8746
8747
8748
8749
8750
8751
8752
8753
8753
8754
8759
8759
8759
8760
8761
8764
8764
8765
8766
8773
8773
8774
8774
8774
8774
8776
8777
8777
8777
8779
8783
8783
8783
8784
8788
8788
8790
8793
8797
8799
8799
8801
8802
8803
8808
8809
8811
8812
8812
8812
8816
8821
8826
8828
8828
8831
8832
8832
8834
8835
8835
8836
8838
8838
8839
8839
8839
8839
8840
8840
8840
8840
8841
8841
8841
8841
8842
8843
8843
8850
8852
8852
8854
8855
8855
8855
8856
8858
8859
8859
8860
8861
8862
8862
8862
8863
8863
8864
8866
8866
8867
8867
8870
8875
8877
8878
8880
8881
8881
8882
8884
8884
8886
8888
8889
8891
8892
8895
8895
8896
8897
8898
8900
8904
8906
8907
8908
8910
8910
8911
8920
8924
8925
8925
8925
8926
8927
8928
8930
8930
8931
8932
8933
8936
8938
8938
8939
8941
8941
8942
8942
8943
8944
8947
8947
8948
8949
8949
8950
8950
8950
8953
8957
8958
8958
8959
8960
8960
8961
8962
8963
8963
8963
8963
8964
8968
8973
8973
8973
8975
8977
8980
8983
8985
8990
8991
8992
8992
8993
8994
8995
8997
8997
8999
9000
9004
9005
9007
9007
9009
9013
9013
9014
9014
9015
9016
9016
9018
9018
9020
9022
9025
9027
9027
9029
9031
9032
9038
9038
9039
9039
9042
9043
9043
9043
9045
9046
9046
9047
9047
9048
9048
9048
9051
9053
9053
9053
9055
9056
9058
9059
9059
9060
9061
9062
9062
9065
9068
9071
9074
9075
9075
9076
9076
9077
9078
9078
9079
9082
9084
9084
9088
9088
9088
9089
9092
9092
9093
9094
9094
9094
9098
9098
9099
9100
9103
9105
9105
9106
9106
9106
9107
9108
9109
9112
9113
9115
9116
9117
9118
9118
9118
9119
9125
9125
9126
9127
9128
9132
9132
9134
9136
9137
9138
9140
9143
9145
9146
9146
9147
9148
9148
9153
9158
9158
9162
9163
9165
9168
9169
9170
9171
9172
9172
9172
9173
9174
9175
9177
9178
9178
9181
9184
9186
9189
9191
9192
9193
9195
9199
9200
9200
9200
9202
9202
9203
9204
9205
9205
9205
9212
9212
9213
9216
9218
9219
9219
9219
9220
9223
9224
9224
9224
9226
9232
9234
9236
9237
9238
9240
9240
9241
9242
9242
9242
9242
9245
9246
9246
9248
9249
9250
9252
9252
9255
9257
9261
9263
9266
9266
9269
9271
9272
9274
9277
9277
9280
9281
9282
9282
9282
9282
9285
9285
9287
9291
9292
9293
9294
9296
9296
9298
9299
9300
9302
9304
9305
9306
9306
9306
9307
9308
9310
9311
9312
9314
9317
9319
9319
9320
9321
9321
9325
9331
9335
9335
9336
9337
9337
9339
9340
9342
9345
9345
9345
9348
9349
9350
9352
9359
9360
9361
9361
9362
9363
9363
9364
9365
9366
9367
9369
9375
9375
9376
9379
9380
9380
9381
9382
9383
9384
9387
9388
9389
9389
9393
9394
9395
9395
9396
9400
9400
9400
9401
9401
9401
9403
9404
9405
9407
9408
9408
9409
9409
9412
9413
9415
9416
9418
9419
9419
9420
9421
9421
9423
9424
9424
9426
9429
9432
9432
9434
9434
9435
9437
9441
9441
9444
9446
9448
9449
9450
9451
9451
9451
9453
9453
9455
9458
9460
9462
9464
9466
9467
9468
9468
9468
9470
9470
9472
9472
9474
9475
9476
9476
9478
9478
9478
9479
9479
9480
9485
9487
9488
9489
9490
9490
9493
9494
9495
9495
9496
9497
9498
9499
9500
9500
9500
9501
9502
9502
9502
9502
9502
9504
9505
9507
9508
9510
9510
9511
9511
9512
9512
9517
9517
9518
9522
9524
9524
9526
9527
9531
9532
9532
9534
9535
9536
9537
9538
9539
9541
9542
9542
9543
9544
9547
9548
9549
9550
9551
9553
9553
9553
9558
9559
9560
9561
9564
9565
9565
9567
9568
9569
9571
9571
9571
9571
9572
9572
9575
9578
9578
9579
9579
9579
9579
9580
9583
9587
9589
9590
9590
9590
9590
9591
9592
9594
9595
9597
9597
9600
9600
9604
9604
9606
9608
9609
9609
9609
9609
9610
9610
9610
9610
9612
9612
9614
9614
9615
9615
9616
9621
9622
9623
9627
9628
9628
9629
9630
9630
9631
9632
9637
9638
9644
9645
9648
9648
9648
9650
9650
9652
9652
9653
9655
9656
9657
9659
9659
9660
9661
9664
9665
9667
9667
9669
9669
9670
9672
9672
9673
9675
9676
9676
9679
9680
9682
9683
9685
9687
9688
9688
9689
9692
9693
9694
9694
9696
9696
9696
9697
9698
9699
9700
9700
9704
9704
9706
9706
9710
9712
9712
9713
9714
9714
9714
9715
9715
9716
9717
9717
9718
9720
9720
9721
9724
9724
9726
9729
9730
9731
9731
9732
9734
9735
9738
9738
9739
9740
9741
9742
9743
9745
9746
9747
9748
9749
9750
9751
9754
9754
9758
9759
9759
9760
9760
9761
9761
9762
9763
9764
9764
9764
9766
9767
9769
9769
9769
9769
9770
9773
9774
9774
9775
9776
9776
9776
9777
9777
9777
9778
9780
9781
9782
9782
9783
9783
9783
9784
9786
9787
9790
9791
9793
9798
9800
9801
9802
9803
9804
9806
9811
9813
9813
9814
9820
9820
9821
9825
9826
9828
9828
9831
9831
9832
9836
9838
9839
9840
9841
9842
9843
9845
9846
9847
9848
9849
9849
9849
9851
9853
9854
9854
9854
9858
9862
9863
9864
9867
9868
9872
9872
9872
9878
9879
9882
9882
9882
9883
9883
9883
9884
9885
9885
9885
9886
9887
9888
9889
9891
9891
9892
9892
9900
9901
9903
9904
9906
9907
9914
9914
9917
9917
9918
9918
9918
9919
9921
9924
9927
9928
9929
9929
9930
9931
9931
9932
9932
9933
9937
9938
9939
9940
9941
9941
9944
9945
9945
9946
9947
9948
9951
9954
9956
9957
9959
9960
9960
9960
9963
9964
9967
9969
9973
9973
9973
9976
9978
9980
9981
9981
9982
9983
9983
9987
9990
9991
9992
9993
9994
9998
9999
9999
9999
9999
10003
10003
10004
10005
10006
10006
10007
10008
10009
10012
10013
10013
10014
10017
10019
10021
10022
10022
10024
10025
10025
10026
10027
10028
10032
10034
10035
10035
10036
10036
10036
10040
10047
10048
10050
10050
10053
10053
10054
10055
10055
10056
10056
10056
10057
10057
10061
10063
10063
10065
10066
10067
10069
10069
10072
10073
10073
10074
10074
10075
10075
10080
10080
10081
10081
10082
10083
10083
10084
10085
10086
10087
10087
10088
10088
10088
10090
10090
10090
10091
10094
10094
10095
10096
10096
10096
10096
10098
10098
10099
10101
10102
10102
10102
10102
10104
10105
10105
10105
10105
10106
10106
10107
10109
10112
10112
10113
10115
10116
10120
10120
10122
10125
10126
10127
10128
10131
10132
10134
10136
10137
10137
10138
10139
10139
10141
10142
10144
10147
10148
10148
10149
10149
10152
10152
10154
10155
10155
10156
10157
10161
10161
10162
10164
10164
10165
10165
10166
10169
10171
10172
10173
10176
10176
10179
10181
10181
10183
10183
10185
10188
10189
10190
10192
10193
10197
10198
10199
10205
10206
10206
10208
10210
10213
10215
10215
10217
10218
10220
10220
10220
10223
10224
10229
10230
10231
10231
10233
10234
10239
10242
10243
10244
10244
10244
10245
10247
10247
10248
10248
10249
10249
10250
10252
10256
10257
10260
10262
10263
10264
10265
10266
10267
10268
10269
10271
10272
10274
10277
10280
10283
10285
10287
10287
10288
10289
10289
10290
10292
10294
10295
10296
10296
10297
10297
10299
10299
10299
10301
10302
10302
10302
10302
10303
10303
10304
10305
10315
10317
10319
10319
10321
10322
10325
10327
10328
10328
10328
10328
10329
10329
10330
10331
10331
10332
10333
10333
10335
10338
10339
10340
10340
10342
10343
10348
10348
10348
10350
10353
10361
10362
10363
10366
10369
10370
10371
10372
10374
10375
10375
10376
10376
10378
10378
10380
10380
10382
10384
10384
10385
10386
10387
10388
10388
10388
10390
10392
10392
10392
10393
10394
10396
10396
10396
10398
10399
10400
10402
10402
10404
10404
10405
10405
10412
10413
10413
10413
10414
10418
10419
10421
10423
10423
10423
10425
10427
10432
10432
10433
10434
10434
10435
10437
10441
10441
10442
10443
10444
10444
10445
10447
10447
10447
10447
10447
10448
10448
10448
10451
10452
10454
10459
10459
10459
10459
10461
10462
10462
10464
10464
10464
10467
10470
10470
10472
10474
10475
10475
10475
10476
10478
10479
10481
10484
10485
10487
10490
10491
10493
10493
10494
10494
10495
10495
10499
10502
10502
10503
10503
10504
10505
10510
10512
10512
10516
10517
10517
10518
10518
10518
10520
10520
10521
10522
10523
10526
10526
10527
10527
10528
10528
10530
10531
10534
10534
10534
10540
10541
10544
10546
10547
10549
10549
10549
10551
10551
10552
10553
10556
10557
10557
10558
10558
10559
10559
10559
10560
10561
10562
10563
10567
10568
10570
10571
10572
10572
10573
10576
10577
10578
10581
10581
10583
10584
10585
10587
10588
10589
10591
10592
10594
10594
10595
10597
10600
10601
10610
10614
10616
10616
10616
10617
10620
10621
10621
10621
10621
10625
10625
10625
10626
10628
10628
10630
10633
10634
10634
10634
10634
10635
10637
10637
10637
10638
10638
10639
10641
10641
10641
10643
10643
10644
10645
10647
10649
10650
10650
10652
10654
10655
10656
10657
10659
10659
10660
10661
10665
10666
10667
10667
10668
10668
10669
10671
10672
10672
10672
10673
10675
10675
10677
10677
10681
10683
10683
10684
10685
10686
10688
10691
10691
10694
10694
10694
10695
10695
10695
10698
10703
10703
10705
10706
10707
10708
10709
10709
10715
10715
10716
10716
10716
10720
10721
10721
10722
10722
10725
10726
10728
10728
10729
10731
10731
10732
10732
10734
10735
10736
10740
10743
10743
10743
10743
10745
10745
10746
10749
10752
10753
10754
10754
10756
10758
10758
10758
10759
10759
10760
10760
10764
10766
10766
10768
10769
10771
10771
10773
10774
10775
10776
10779
10779
10783
10783
10785
10786
10787
10787
10789
10790
10790
10792
10795
10795
10797
10797
10798
10798
10801
10805
10805
10806
10808
10812
10816
10816
10817
10818
10820
10822
10823
10824
10824
10825
10825
10826
10826
10826
10827
10831
10831
10834
10837
10838
10838
10840
10842
10842
10843
10844
10846
10847
10849
10851
10851
10856
10858
10861
10861
10861
10862
10863
10863
10867
10868
10868
10869
10870
10871
10872
10874
10878
10881
10881
10883
10883
10884
10885
10886
10887
10889
10889
10894
10896
10897
10897
10897
10898
10898
10899
10900
10905
10906
10907
10908
10908
10909
10912
10913
10916
10917
10921
10922
10923
10925
10925
10926
10929
10929
10933
10935
10935
10936
10937
10939
10943
10943
10944
10944
10945
10945
10946
10948
10949
10951
10952
10952
10952
10954
10959
10961
10962
10964
10965
10966
10966
10969
10969
10970
10973
10973
10974
10975
10976
10978
10984
10986
10986
10988
10989
10990
10993
10994
10995
10995
11001
11003
11003
11005
11005
11006
11008
11014
11016
11016
11018
11019
11019
11019
11019
11019
11020
11021
11021
11022
11022
11024
11025
11027
11029
11030
11030
11031
11033
11034
11036
11037
11038
11040
11043
11047
11048
11049
11050
11050
11051
11052
11053
11053
11053
11054
11055
11057
11061
11061
11062
11071
11074
11074
11076
11077
11078
11078
11079
11081
11081
11082
11084
11084
11084
11086
11087
11087
11088
11089
11090
11090
11090
11092
11093
11093
11095
11097
11097
11098
11098
11100
11104
11108
11109
11110
11111
11116
11118
11118
11119
11119
11119
11120
11121
11124
11124
11125
11127
11128
11128
11129
11129
11131
11131
11132
11136
11141
11142
11142
11142
11144
11145
11147
11147
11148
11149
11149
11151
11151
11153
11153
11155
11159
11159
11160
11161
11161
11162
11162
11162
11164
11164
11164
11167
11167
11168
11171
11171
11174
11174
11177
11178
11181
11181
11184
11184
11185
11185
11186
11186
11187
11188
11189
11190
11190
11190
11190
11194
11195
11195
11200
11201
11202
11203
11207
11207
11208
11209
11211
11213
11213
11213
11214
11217
11220
11222
11223
11224
11225
11226
11229
11230
11232
11233
11234
11235
11237
11237
11240
11247
11247
11252
11252
11254
11255
11259
11259
11260
11260
11266
11267
11268
11269
11269
11271
11273
11274
11276
11277
11281
11283
11284
11285
11285
11286
11287
11287
11288
11288
11288
11288
11294
11295
11295
11297
11298
11299
11302
11303
11305
11305
11307
11307
11308
11311
11312
11318
11318
11319
11321
11321
11323
11324
11327
11328
11331
11331
11333
11334
11334
11335
11336
11336
11338
11338
11339
11340
11343
11345
11347
11347
11348
11350
11350
11350
11352
11352
11354
11354
11357
11358
11358
11358
11359
11361
11364
11366
11368
11369
11371
11375
11378
11379
11379
11381
11381
11382
11382
11388
11388
11388
11390
11391
11392
11394
11395
11395
11395
11395
11396
11398
11398
11402
11403
11406
11406
11407
11407
11407
11411
11412
11413
11414
11416
11416
11417
11419
11419
11422
11422
11423
11423
11426
11428
11431
11434
11435
11436
11436
11437
11439
11441
11442
11444
11444
11445
11448
11449
11449
11451
11451
11453
11455
11456
11457
11460
11460
11460
11461
11462
11463
11463
11465
11466
11466
11469
11469
11472
11472
11473
11474
11476
11478
11478
11479
11479
11480
11481
11481
11483
11488
11489
11491
11491
11492
11493
11496
11498
11498
11499
11499
11500
11500
11501
11501
11503
11504
11508
11512
11512
11516
11516
11518
11519
11519
11519
11521
11522
11523
11524
11525
11526
11526
11526
11526
11531
11532
11533
11534
11534
11535
11535
11536
11540
11542
11543
11546
11546
11547
11548
11549
11550
11551
11551
11554
11558
11558
11559
11559
11560
11562
11563
11564
11564
11566
11567
11567
11567
11570
11570
11571
11572
11573
11576
11578
11578
11579
11579
11581
11582
11583
11583
11584
11585
11586
11588
11589
11592
11594
11594
11595
11595
11596
11599
11599
11600
11600
11600
11601
11602
11602
11602
11602
11603
11603
11604
11605
11605
11606
11607
11608
11609
11612
11613
11613
11615
11615
11617
11617
11619
11621
11622
11624
11624
11624
11626
11626
11626
11627
11628
11631
11632
11633
11634
11634
11638
11639
11640
11640
11641
11643
11644
11645
11645
11645
11647
11647
11651
11651
11651
11651
11656
11657
11658
11658
11658
11661
11661
11663
11663
11663
11665
11666
11668
11668
11671
11672
11673
11673
11675
11675
11677
11683
11684
11687
11690
11692
11693
11694
11696
11697
11697
11702
11702
11704
11705
11706
11706
11707
11709
11710
11712
11712
11712
11712
11713
11714
11718
11718
11720
11720
11721
11722
11722
11723
11724
11725
11726
11729
11730
11732
11733
11734
11735
11736
11737
11737
11739
11741
11741
11742
11743
11744
11748
11752
11753
11754
11758
11760
11760
11762
11764
11766
11767
11767
11770
11770
11773
11773
11777
11778
11779
11780
11781
11781
11782
11782
11782
11788
11789
11794
11796
11796
11798
11798
11798
11801
11803
11810
11810
11814
11816
11816
11816
11817
11817
11819
11821
11821
11822
11823
11823
11826
11827
11827
11827
11829
11830
11833
11833
11835
11836
11837
11838
11839
11842
11842
11843
11844
11844
11844
11845
11849
11850
11852
11852
11853
11853
11855
11861
11861
11863
11864
11864
11865
11867
11867
11867
11868
11869
11870
11873
11873
11875
11876
11876
11877
11877
11877
11879
11882
11883
11884
11885
11886
11887
11887
11888
11890
11895
11896
11896
11897
11899
11904
11905
11906
11906
11907
11907
11908
11908
11908
11913
11914
11915
11915
11916
11916
11918
11919
11921
11921
11922
11925
11929
11929
11930
11931
11932
11933
11933
11934
11934
11935
11935
11937
11937
11938
11939
11939
11944
11948
11950
11951
11951
11956
11957
11957
11959
11960
11960
11964
11965
11967
11968
11968
11969
11970
11973
11975
11976
11976
11978
11979
11980
11982
11983
11984
11988
11989
11990
11993
11995
11998
11999
12000
12000
12001
12004
12005
12007
12009
12011
12011
12011
12013
12017
12017
12019
12020
12021
12023
12025
12027
12029
12032
12032
12032
12033
12033
12034
12036
12036
12037
12040
12042
12043
12043
