1835
1837
1838
1842
1843
1843
1846
1846
1850
1850
1850
1851
1852
1853
1854
1856
1858
1860
1861
1863
1863
1863
1865
1866
1867
1867
1872
1873
1873
1877
1877
1878
1878
1879
1880
1881
1881
1882
1883
1885
1887
1891
1891
1892
1893
1893
1895
1896
1896
1897
1898
1900
1904
1906
1907
1907
1910
1913
1914
1916
1916
1916
1917
1919
1919
1920
1923
1925
1928
1931
1931
1932
1932
1933
1933
1935
1938
1940
1943
1944
1945
1945
1945
1948
1948
1948
1949
1949
1949
1950
1951
1951
1952
1953
1957
1959
1959
1963
1965
1968
1969
1969
1969
1969
1970
1970
1970
1970
1971
1972
1974
1974
1978
1979
1980
1981
1982
1983
1983
1983
1986
1988
1989
1992
1994
1996
1996
1996
1997
1997
1997
2002
2002
2002
2003
2003
2009
2010
2010
2012
2013
2013
2014
2014
2014
2018
2020
2020
2021
2021
2023
2024
2024
2026
2026
2028
2028
2030
2031
2031
2032
2036
2037
2037
2038
2040
2040
2041
2041
2041
2045
2045
2047
2050
2051
2055
2057
2059
2060
2061
2062
2063
2064
2064
2066
2066
2067
2067
2067
2068
2070
2070
2073
2078
2080
2080
2082
2082
2087
2087
2088
2089
2092
2093
2093
2097
2099
2101
2101
2102
2102
2102
2110
2112
2112
2113
2114
2115
2116
2117
2117
2118
2118
2119
2119
2120
2120
2120
2121
2123
2124
2124
2130
2131
2132
2137
2138
2138
2142
2143
2143
2145
2147
2148
2148
2148
2149
2153
2154
2159
2162
2162
2162
2162
2163
2163
2164
2164
2165
2166
2166
2167
2169
2171
2171
2172
2172
2173
2174
2174
2175
2176
2176
2177
2178
2179
2182
2183
2184
2187
2188
2189
2190
2191
2192
2193
2193
2194
2197
2201
2201
2201
2202
2206
2206
2207
2209
2209
2212
2212
2216
2216
2217
2219
2219
2226
2228
2229
2229
2230
2230
2230
2234
2234
2236
2237
2241
2241
2241
2244
2245
2245
2245
2246
2248
2248
2252
2252
2252
2252
2254
2254
2254
2256
2261
2262
2263
2264
2264
2264
2266
2268
2268
2272
2272
2273
2273
2274
2275
2277
2280
2280
2280
2283
2283
2285
2285
2288
2290
2292
2293
2293
2296
2298
2299
2300
2303
2305
2307
2307
2308
2309
2311
2312
2313
2313
2314
2316
2318
2319
2320
2323
2324
2326
2326
2329
2330
2333
2334
2334
2336
2337
2339
2340
2340
2341
2342
2342
2345
2346
2348
2349
2351
2352
2352
2354
2356
2357
2359
2360
2361
2361
2364
2366
2373
2377
2378
2381
2384
2387
2388
2388
2389
2389
2390
2390
2391
2392
2394
2394
2395
2395
2401
2403
2406
2408
2408
2409
2411
2411
2413
2414
2414
2414
2417
2421
2421
2421
2423
2427
2430
2433
2437
2439
2440
2444
2445
2445
2448
2449
2450
2451
2453
2453
2455
2455
2457
2457
2458
2459
2460
2462
2464
2465
2466
2466
2467
2470
2471
2471
2473
2475
2477
2477
2478
2478
2483
2483
2484
2484
2486
2486
2488
2493
2498
2498
2503
2504
2506
2506
2507
2508
2513
2513
2519
2519
2521
2522
2529
2531
2533
2535
2536
2537
2538
2539
2540
2540
2541
2542
2544
2546
2547
2549
2549
2551
2553
2557
2559
2559
2559
2562
2562
2568
2568
2569
2570
2570
2572
2572
2572
2573
2574
2575
2575
2576
2576
2576
2579
2580
2582
2583
2584
2586
2590
2591
2592
2593
2594
2595
2596
2597
2598
2600
2600
2601
2601
2603
2605
2605
2605
2607
2607
2608
2611
2612
2612
2613
2614
2616
2618
2622
2623
2624
2626
2628
2629
2629
2629
2630
2632
2633
2633
2633
2634
2636
2637
2637
2637
2637
2640
2640
2640
2642
2643
2645
2646
2647
2648
2649
2650
2651
2651
2652
2653
2654
2656
2656
2658
2659
2660
2661
2663
2665
2669
2670
2670
2674
2674
2677
2681
2682
2685
2685
2687
2689
2689
2690
2692
2692
2693
2694
2697
2702
2702
2702
2702
2703
2703
2703
2706
2709
2710
2711
2712
2713
2714
2719
2721
2723
2723
2724
2725
2725
2727
2727
2728
2728
2729
2731
2732
2732
2734
2737
2738
2739
2740
2740
2741
2744
2748
2749
2750
2751
2752
2752
2752
2754
2755
2759
2761
2763
2766
2768
2769
2769
2771
2772
2772
2774
2775
2775
2776
2777
2783
2784
2784
2786
2787
2788
2790
2790
2790
2791
2792
2792
2793
2793
2793
2793
2794
2795
2797
2799
2800
2800
2800
2800
2800
2801
2804
2805
2807
2811
2812
2812
2813
2814
2823
2824
2826
2827
2827
2828
2831
2832
2832
2832
2833
2835
2837
2838
2838
2838
2839
2841
2842
2842
2843
2844
2844
2846
2848
2850
2850
2851
2853
2853
2858
2858
2859
2862
2862
2863
2864
2865
2865
2866
2869
2869
2869
2869
2870
2870
2870
2871
2871
2873
2873
2874
2874
2875
2879
2880
2881
2883
2885
2886
2887
2888
2889
2890
2890
2891
2892
2893
2893
2893
2894
2896
2897
2897
2899
2904
2910
2911
2911
2912
2912
2915
2919
2920
2921
2924
2925
2926
2927
2928
2930
2932
2932
2932
2933
2938
2940
2943
2943
2945
2946
2946
2947
2948
2949
2949
2950
2950
2952
2954
2954
2955
2955
2956
2957
2958
2959
2961
2966
2967
2968
2968
2969
2969
2972
2972
2974
2975
2975
2975
2975
2976
2977
2977
2980
2981
2982
2983
2985
2987
2988
2991
2991
2993
2994
2994
2994
2995
2996
2996
2999
2999
2999
3000
3001
3001
3001
3001
3002
3002
3002
3003
3003
3003
3004
3005
3006
3008
3009
3009
3014
3015
3019
3020
3023
3023
3024
3026
3026
3026
3027
3028
3032
3033
3034
3035
3037
3037
3039
3042
3042
3042
3043
3047
3050
3051
3052
3054
3054
3056
3058
3059
3059
3060
3061
3061
3062
3064
3064
3064
3065
3066
3067
3067
3068
3070
3071
3071
3073
3074
3077
3077
3078
3084
3084
3084
3084
3084
3085
3085
3091
3093
3094
3096
3096
3097
3097
3099
3099
3102
3103
3103
3111
3113
3116
3117
3117
3118
3118
3120
3122
3122
3123
3124
3124
3125
3127
3128
3129
3131
3133
3134
