1568
1568
1570
1572
1572
1575
1575
1576
1576
1578
1581
1582
1584
1585
1585
1585
1586
1586
1587
1590
1590
1592
1595
1595
1595
1596
1596
1596
1597
1597
1597
1598
1598
1598
1599
1600
1604
1605
1608
1609
1612
1613
1614
1614
1617
1619
1620
1620
1620
1620
1621
1621
1621
1622
1622
1626
1628
1630
1631
1632
1632
1634
1634
1635
1637
1639
1639
1640
1640
1640
1641
1642
1642
1644
1645
1645
1647
1650
1653
1654
1654
1657
1658
1658
1660
1662
1667
1668
1669
1669
1673
1674
1674
1677
1678
1679
1680
1680
1680
1681
1684
1685
1685
1686
1686
1687
1688
1689
1690
1691
1694
1697
1699
1700
1701
1705
1706
1707
1708
1709
1709
1710
1711
1711
1713
1713
1713
1716
1716
1717
1718
1719
1719
1719
1720
1723
1723
1724
1728
1728
1738
1739
1740
1743
1744
1746
1746
1746
1748
1748
1748
1751
1751
1757
1759
1759
1759
1760
1761
1771
1772
1773
1773
1774
1774
1775
1775
1779
1779
1779
1780
1780
1780
1785
1787
1788
1789
1789
1794
1795
1796
1796
1797
1800
1800
1803
1803
1803
1804
1805
1805
1807
1807
1808
1813
1813
1816
1817
1820
1823
