3248
3249
3253
3254
3256
3258
3261
3263
3265
3266
3268
3269
3270
3271
3272
3273
3274
3275
3276
3277
3278
3280
3281
3282
3283
3285
3288
3290
3291
3292
3293
3294
3295
3296
3297
3298
3299
3300
3301
3302
3303
3304
3305
3306
3307
3308
3309
3310
3311
3312
3313
3314
3315
3317
3319
3322
3326
3327
3328
3329
3330
3331
3332
3333
3334
3335
3336
3337
3340
3343
3344
3346
3347
3348
3352
3353
3354
3355
3359
3360
3361
3362
3363
3365
3366
3367
3368
3370
3371
3373
3374
3376
3377
3378
3379
3383
3385
3386
3387
3388
3389
3391
3393
3394
3395
3396
3397
3398
3400
3401
3403
3404
3405
3406
3408
3411
3412
3414
3415
3416
3417
3418
3419
3420
3421
3422
3423
3425
3426
3428
3429
3430
3432
3433
3435
3438
3440
3441
3442
3443
3444
3445
3446
3448
3449
3450
3451
3452
3453
3454
3456
3458
3459
3460
3461
3462
3464
3466
3467
3469
3470
3471
3474
3475
3476
3477
3478
3480
3481
3482
3483
3485
3487
3488
3489
3491
3492
3493
3495
3496
3497
3499
3500
3501
3502
3505
3507
3509
3510
3511
3512
3513
3515
3516
3517
3518
3521
3522
3523
3524
3526
3527
3529
3532
3533
3535
3537
3538
3539
3540
3541
3542
3543
3544
3547
3548
3549
3550
3551
3552
3553
3555
3556
3558
3560
3562
3563
3564
3566
3567
3568
3569
3570
3571
3572
3573
3574
3576
3577
3578
3579
3581
3582
3583
3584
3585
3586
3587
3588
3589
3593
3594
3595
3596
3597
3598
3599
3600
3601
3603
3604
3605
3607
3611
3614
3616
3617
3618
3619
3620
3621
3622
3623
3624
3625
3626
3627
3628
3629
3630
3631
3632
3633
3634
3635
3636
3637
3638
3639
3641
3642
3644
3645
3646
3647
3648
3649
3650
3652
3653
3654
3656
3657
3658
3659
3660
3661
3662
3664
3666
3668
3670
3672
3674
3675
3676
3679
3680
3681
3682
3683
3685
3690
3692
3695
3698
3699
3701
3702
3706
3707
3708
3710
3712
3713
3714
3715
3716
3718
3719
3721
3723
3724
3725
3726
3728
3729
3730
3731
3732
3733
3735
3736
3737
3738
3739
3741
3742
3743
3745
3747
3748
3749
3750
3751
3752
3754
3758
3759
3760
3761
3762
3763
3764
3765
3766
3767
3768
3769
3770
3771
3772
3773
3774
3776
3777
3778
3781
3782
3785
3786
3787
3788
3789
3790
3791
3792
3793
3794
3795
3796
3797
3798
3800
3801
3806
3807
3808
3809
3810
3811
3812
3813
3817
3820
3821
3823
3824
3825
3826
3827
3828
3829
3830
3836
3837
3838
3840
3842
3843
3844
3846
3847
3848
3849
3851
3853
3854
3855
3856
3858
3859
3860
3861
3863
3864
3865
3867
3869
3870
3871
3873
3875
3876
3877
3878
3879
3880
3882
3883
3884
3885
3886
3887
3888
3889
3890
3893
3894
3895
3896
3897
3898
3899
3900
3901
3903
3904
3905
3908
3909
3911
3912
3913
3915
3916
3917
3919
3920
3921
3922
3924
3925
3926
3927
3928
3929
3930
3931
3932
3933
3934
3937
3938
3939
3940
3941
3942
3944
3945
3946
3947
3948
3950
3951
3954
3955
3956
3957
3958
3959
3962
3963
3964
3965
3966
3968
3969
3970
3971
3972
3973
3974
3975
3976
3977
3978
3980
3982
3983
3984
3985
3986
3987
3988
3989
3990
3991
3992
3993
3994
3995
3996
3998
3999
4001
4002
4004
4006
4007
4008
4009
4010
4011
4012
4013
4014
4015
4016
4017
4021
4023
4024
4027
4028
4029
4030
4032
4034
4036
4037
4038
4039
4040
4041
4042
4043
4045
4047
4048
4051
4052
4055
4056
4057
4058
4060
4063
4065
4066
4067
4069
4070
4073
4077
4078
4079
4080
4082
4084
4085
4086
4087
4088
4089
4092
4094
4095
4096
4098
4099
4100
4101
4104
4106
4107
4108
4109
4110
4114
4115
4116
4117
4118
4119
4120
4123
4124
4125
4127
4130
4131
4132
4133
4134
4137
4138
4139
4141
4142
4143
4144
4146
4147
4148
4149
4150
4151
4152
4153
4154
4155
4159
4160
4161
4162
4166
4167
4170
4171
4172
4173
4174
4175
4176
4177
4178
4179
4183
4184
4185
4188
4190
4191
4192
4193
4194
4195
4198
4199
4200
4201
4202
4203
4206
4207
4208
4209
4210
4211
4212
4213
4214
4216
4218
4219
4220
4221
4223
4224
4225
4226
4227
4229
4231
4235
4236
4237
4238
4239
4240
4241
4243
4245
4246
4248
4249
4250
4251
4252
4254
4255
4256
4257
4258
4259
4260
4262
4263
4265
4266
4267
4268
4269
4272
4273
4274
4276
4278
4279
4280
4281
4284
4285
4286
4288
4289
4290
4291
4292
4294
4295
4297
4298
4300
4302
4303
4304
4305
4306
4308
4311
4312
4314
4315
4319
4320
4322
4323
4324
4325
4326
4327
4328
4330
4331
4333
4337
4338
4342
4343
4344
4345
4347
4348
4349
4351
4352
4353
4354
4355
4356
4358
4359
4360
4361
4362
4363
4364
4365
4366
4367
4368
4369
4372
4373
4374
4375
4376
4377
4378
4379
4380
4381
4382
4383
4384
4387
4388
4390
4392
4395
4396
4398
4399
4400
4401
4402
4405
4406
4408
4410
4411
4412
4413
4415
4416
4417
4419
4420
4421
4422
4423
4424
4425
4426
4429
4430
4431
4432
4434
4436
4438
4439
4440
4441
4443
4447
4448
4449
4450
4451
4452
4454
4456
4457
4458
4462
4463
4465
4466
4468
4469
4470
4471
4473
4474
4475
4476
4477
4478
4479
4480
4481
4482
4483
4484
4485
4486
4487
4488
4490
4492
4493
4496
4498
4500
4501
4502
4503
4504
4505
4506
4507
4509
4510
4514
4515
4520
4521
4522
4526
4527
4529
4531
4532
4533
4535
4536
4537
4538
4539
4540
4541
4543
4547
4549
4550
4551
4553
4554
4557
4558
4559
4561
4562
4564
4566
4567
4568
4569
4574
4576
4577
4578
4579
4580
4582
4583
4584
4585
4586
4587
4589
4591
4594
4595
4596
4597
4600
4601
4602
4607
4609
4613
4614
4615
4617
4619
4620
4621
4622
4623
4624
4625
4626
4627
4628
4631
4632
4633
4635
4637
4640
4641
4642
4645
4646
4647
4648
