3401
3402
3403
3406
3407
3408
3409
3412
3414
3415
3417
3418
3420
3421
3422
3424
3425
3428
3429
3431
3432
3433
3436
3437
3439
3440
3441
3442
3444
3445
3447
3448
3451
3452
3453
3456
3457
3458
3459
3460
3462
3463
3464
3465
3466
3467
3468
3469
3470
3471
3472
3474
3477
3478
3479
3481
3482
3483
3484
3485
3487
3488
3489
3490
3492
3493
3496
3497
3498
3499
3500
3501
3502
3503
3505
3506
3507
3508
3510
3511
3512
3513
3514
3515
3516
3517
3519
3521
3522
3523
3524
3525
3526
3527
3529
3530
3531
3532
3533
3534
3535
3536
3537
3539
3540
3541
3542
3543
3545
3546
3548
3550
3551
3553
3554
3555
3556
3557
3558
3559
3560
3562
3563
3565
3566
3568
3569
3573
3574
3575
3577
3579
3580
3582
3583
3586
3587
3588
3589
3590
3592
3593
3594
3595
3596
3597
3598
3599
3600
3601
3602
3603
3605
3607
3608
3609
3610
3612
3613
3614
3615
3616
3617
3618
3619
3620
3622
3623
3626
3629
3632
3633
3637
3638
3639
3640
3641
3642
3643
3644
3645
3646
3648
3649
3652
3653
3654
3655
3658
3659
3661
3662
3663
3665
3666
3668
3669
3670
3671
3672
3675
3676
3678
3679
3680
3682
3683
3684
3686
3688
3689
3690
3692
3693
3695
3696
3698
3699
3700
3701
3703
3704
3705
3706
3708
3709
3712
3713
3714
3715
3716
3718
3719
3721
3723
3724
3728
3729
3730
3732
3733
3734
3735
3736
3737
3738
3739
3740
3743
3744
3745
3746
3748
3749
3751
3752
3753
3755
3756
3757
3758
3759
3761
3762
3763
3764
3765
3767
3768
3769
3770
3771
3772
3773
3774
3779
3780
3781
3783
3785
3786
3789
3790
3791
3793
3796
3797
3798
3799
3801
3802
3803
3804
3805
3806
3807
3808
3810
3812
3813
3815
3816
3817
3819
3821
3823
3824
3826
3827
3828
3829
3833
3834
3835
3838
3840
3841
3842
3843
3844
3845
3846
3849
3850
3851
3852
3853
3854
3855
3856
3858
3861
3862
3863
3864
3866
3867
3869
3871
3873
3874
3875
3876
3878
3879
3880
3883
3884
3886
3887
3888
3890
3891
3892
3893
3894
3895
3898
3900
3901
3902
3904
3905
3906
3908
3909
3911
3913
3914
3915
3916
3917
3920
3921
3923
3924
3925
3926
3927
3928
3929
3930
3931
3932
3933
3934
3935
3936
3938
3939
3940
3942
3943
3944
3945
3950
3951
3952
3954
3955
3956
3957
3958
3961
3963
3964
3965
3966
3967
3968
3969
3970
3971
3974
3975
3976
3977
3978
3979
3980
3981
3982
3983
3984
3985
3987
3988
3989
3990
3992
3993
3994
3995
3996
4001
4002
4003
4004
4005
4006
4007
4009
4010
4011
4012
4013
4014
4015
4016
4017
4018
4020
4021
4022
4023
4024
4027
4028
4029
4031
4035
4037
4040
4043
4044
4045
4047
4048
4049
4050
4052
4053
4055
4056
4058
4059
4061
4062
4063
4065
4066
4068
4069
4070
4071
4073
4074
4075
4076
4077
4078
4079
4080
4083
4084
4085
4086
4087
4088
4089
4092
4093
4096
4097
4101
4102
4103
4104
4105
4107
4109
4110
4111
4112
4113
4114
4115
4116
4117
4121
4123
4124
4125
4126
4127
4129
4130
4131
4132
4134
4135
4136
4137
4138
4140
4143
4144
4145
4146
4148
4150
4151
4152
4153
4154
4156
4157
4159
4161
4162
4163
4164
4166
4167
4168
4169
4171
4173
4174
4176
4177
4178
4179
4181
4182
4183
4185
4186
4187
4188
4189
4190
4191
4194
4196
4197
4199
4200
4201
4202
4203
4207
4210
4211
4215
4216
4217
4218
4219
4220
4221
4223
4224
4225
4227
4229
4230
4231
4232
4233
4234
4235
4236
4237
4239
4240
4241
4243
4244
4245
4246
4247
4248
4250
4252
4253
4254
4255
4256
4257
4258
4259
4261
4262
4263
4264
4265
4266
4268
4269
4270
4273
4274
4277
4278
4279
4282
4283
4284
4285
4286
4287
4288
4289
4292
4294
4295
4296
4297
4298
4299
4300
4301
4302
4303
4304
4305
4308
4309
4310
4311
4312
4313
4314
4315
4316
4317
4318
4319
4321
4322
4323
4325
4326
4327
4328
4329
4330
4331
4333
4334
4335
4336
4338
4339
4340
4341
4342
4343
4344
4345
4346
4347
4348
4349
4350
4352
4353
4354
4355
4356
4357
4359
4360
4361
4362
4364
4365
4366
4367
4368
4371
4372
4373
4374
4375
4376
4379
4381
4383
4384
4385
4386
4387
4388
4389
4390
4391
4392
4393
4395
4396
4399
4400
4401
4402
4405
4407
4409
4411
4412
4413
4414
4415
4417
4418
4421
4422
4423
4424
4427
4428
4429
4430
4431
4432
4433
4434
4435
4437
4439
4441
4444
4445
4446
4447
4448
4449
4450
4451
4452
4455
4457
4459
4460
4463
4465
4466
4467
4468
4469
4470
4471
4472
4473
4474
4477
4479
4482
4484
4485
4486
4490
4491
4492
4493
4494
4496
4497
4498
4499
4500
4501
4503
4504
4506
4507
4508
4509
4510
4511
4512
4513
4514
4515
4516
4517
4518
4520
4521
4522
4523
4524
4525
4526
4527
4528
4530
4532
4534
4535
4536
4537
4538
4539
4541
4542
4543
4545
4548
4549
4550
4551
4553
4555
4557
4560
4561
4562
4564
4565
4566
4568
4569
4570
4571
4572
4573
4575
4578
4579
4580
4581
4584
4585
4586
4587
4588
4589
4591
4592
4593
4595
4597
4598
4600
4601
4602
4603
4604
4605
4606
4607
4608
4609
4610
4611
4613
4614
4615
4616
4619
4620
4621
4622
4624
4626
4628
4629
4631
4633
4635
4636
4637
4638
4639
4640
4641
4642
4643
4644
4646
4647
4649
4650
4652
4660
4661
4662
4663
4665
4666
4667
4668
4670
4672
4675
4676
4677
4679
4681
4682
4684
4686
4688
4689
4690
4692
4693
4695
4696
4698
4699
4700
4702
4703
4706
4707
4709
4710
4711
4712
4713
4715
4717
4719
4720
4721
4722
4723
4726
4727
4728
4730
4731
4732
4733
4734
4735
4736
4737
4739
4740
4741
4742
4743
4744
4745
4747
4749
4751
4753
4756
4757
4759
4760
4761
4762
4764
4766
4767
4769
4770
4771
4772
4775
4776
4778
4779
4780
4782
4783
4785
4787
4788
4789
4790
4791
4792
4796
4797
4799
4800
4801
4802
4804
4805
4809
4811
4812
4813
4815
4817
4820
4825
4827
4828
4831
4832
4834
4835
4836
4837
4838
4839
4842
4843
4844
4845
4846
4851
4852
4855
4856
4857
4860
4861
4864
4865
4866
4867
4868
4869
4870
4874
4876
4877
4879
4880
4881
4882
4883
4884
4886
4887
4888
4890
4891
4892
4893
4894
4895
4896
4897
4898
4901
4902
4903
4904
4905
4906
4907
4908
4909
4910
4911
4912
4914
4915
4916
4917
4921
4925
4928
4929
4930
4931
4933
4934
4935
4936
4937
4939
4941
4942
4943
4944
4946
4947
4949
4950
4951
4952
4953
4954
4955
4959
4960
4961
4962
4967
4968
4969
4970
4972
4973
4975
4979
4980
4981
4983
4984
4986
4987
4988
4989
4990
4991
4993
4994
4995
4996
4997
4999
5001
5004
5007
5008
5009
5011
5012
5014
5015
5016
5018
5019
5020
5021
5022
5023
5024
5025
5026
5027
5028
5029
5030
5033
5036
5038
5040
5041
5042
5043
5044
5046
5047
5049
5050
5051
5054
5056
5059
5060
5062
5063
5064
5065
5066
5067
5068
5069
5070
5071
5073
5074
5075
5076
5077
5078
5079
5080
5081
5083
5084
5085
5086
5088
5089
5090
5091
5092
5093
5094
5096
5097
5098
5100
5101
5103
5104
5105
5106
5107
5108
5109
5111
5112
5113
5114
5116
5117
5118
5120
5121
5122
5123
5126
5128
5129
5130
5134
5135
5136
5137
5138
5140
5141
5142
5143
5145
5146
5151
5152
5153
5154
5156
5157
5158
5159
5160
5161
5162
5164
5165
5166
5171
5172
5173
5174
5175
5176
5177
5178
5179
5180
5181
5182
5183
5184
5186
5188
5189
5191
5193
5194
5197
5199
5202
5203
5205
5207
5208
5210
5211
5212
5213
5214
5215
5218
5219
5221
5222
5223
5224
5225
5226
5227
5228
5229
5230
5231
5233
5234
5236
5237
5238
5239
5241
5242
5243
5244
5246
5247
5248
5249
5252
5253
5254
5255
5256
5257
5258
5259
5260
5262
5263
5264
5265
5266
5268
5269
5271
5272
5274
5275
5277
5278
5279
5280
5283
5284
5292
5296
5297
5298
5299
5300
5301
5302
5304
5306
5307
5308
5309
5310
5311
5312
5313
5314
5315
5317
5318
5319
5321
5323
5324
5325
5326
5327
5328
5329
5330
5331
5332
5333
5334
5335
5336
5337
5339
5341
5342
5344
5346
5347
5350
5352
5353
5358
5359
5363
5364
5365
5366
5368
5371
5372
5373
5374
5376
5382
5383
5384
5385
5386
5387
5389
5390
5393
5395
5396
5397
5398
5401
5402
5403
5404
5405
5406
5407
5408
5409
5411
5412
5413
5416
5418
5419
5420
5421
5423
5424
5425
5426
5427
5428
5429
5430
5431
5432
5433
5434
5435
5436
5437
5438
5441
5443
5444
5445
5447
5449
5453
5454
5455
5456
5457
5458
5459
5461
5462
5463
5465
5466
5467
5468
5472
5473
5474
5475
5476
5477
5478
5479
5480
5482
5483
5484
5486
5488
5489
5492
5493
5494
5496
5497
5498
5500
5501
5503
5504
5505
5506
5507
5508
5510
5512
5513
5514
5516
5519
5523
5524
5525
5526
5528
5529
5530
5531
5532
5534
5536
5537
5538
5539
5542
5544
5545
5546
5547
5548
5549
5550
5551
5552
5554
5555
5558
5559
5561
5562
5564
5567
5568
5569
5570
5572
5573
5574
5575
5576
5577
5578
5581
5582
5583
5586
5587
5589
5591
5592
5593
5594
5596
5597
5598
5599
5600
5601
5602
5603
5604
5605
5612
5613
5614
5615
5618
5621
5622
5623
5624
5626
5628
5629
5630
5631
5632
5633
5634
5636
5637
5639
5640
5641
5644
5645
5646
5647
5648
5649
5650
5651
5652
5653
5656
5657
5659
5660
5661
5665
5667
5668
5673
5675
5676
5677
5678
5679
5680
5682
5683
5684
5686
5687
5688
5690
5692
5694
5695
5697
5698
5699
5701
5702
5703
5704
5706
5707
5710
5711
5712
5713
5715
5717
5718
5720
5721
5722
5724
5727
5728
5730
5731
5732
5733
5735
5736
5737
5738
5739
5740
5741
5742
5745
5746
5747
5748
5749
5751
5752
5754
5755
5756
5758
5759
5760
5762
5764
5766
5767
5768
5769
5770
5771
5772
5774
5775
5776
5777
5778
5779
5780
5781
5783
5784
5785
5787
5793
5795
5796
5797
5798
5799
5802
5803
5804
5805
5806
5808
5809
5810
5814
5815
5816
5817
5818
5819
5821
5823
5825
5826
5827
5828
5829
5830
5831
5832
5833
5835
5836
5837
5840
5843
5844
5845
5848
5849
5850
5851
5852
5853
5854
5855
5857
5859
5860
5862
5863
5866
5867
5871
5873
5874
5875
5877
5879
5880
5881
5883
5884
5885
5886
5887
5888
5891
5892
5894
5895
5896
5897
5898
5899
5900
5901
5902
5904
5905
5907
5908
5909
5910
5911
5912
5913
5914
5915
5916
5918
5919
5920
5923
5924
5925
5927
5929
5930
5931
5933
5935
5936
5938
5940
5941
5943
5945
5946
5948
5949
5952
5953
5954
5955
5956
5957
5958
5960
5961
5962
5963
5965
5967
5968
5969
5971
5972
5973
5974
5975
5976
5978
5979
5981
5982
5983
5985
5986
5988
5989
5990
5991
5992
5993
5994
5996
5997
5999
6000
6003
6004
6005
6006
6007
6008
6009
6010
6011
6015
6016
6017
6018
6019
6020
6022
6023
6024
6025
6026
6028
6029
6032
6033
6035
6036
6039
6040
6041
6042
6044
6045
6046
6047
6049
6050
6051
6052
6053
6054
6056
6057
6058
6059
6060
6061
6062
6064
6065
6066
6068
6070
6072
6073
6074
6076
6081
6082
6084
6085
6086
6087
6089
6090
6092
6093
6094
6095
6099
6102
6104
6105
6108
6109
6110
6111
6112
6113
6116
6117
6118
6119
6120
6121
6122
6123
6124
6125
6127
6128
6129
6130
6131
6134
6135
6136
6137
6138
6139
6140
6142
6144
6146
6147
6149
6150
6152
6153
6154
6155
6156
6158
6159
6161
6162
6163
6164
6165
6166
6168
6169
6170
6171
6174
6175
6176
6177
6180
6181
6182
6183
6184
6185
6187
6190
6191
6192
6193
6194
6195
6196
6197
6198
6199
6200
6203
6204
6207
6209
6210
6212
6214
6215
6216
6217
6218
6219
6220
6221
6222
6224
6225
6226
6227
6228
6229
6231
6232
6233
6236
6239
6241
6242
6243
6244
6246
6247
6248
6249
6250
6251
6252
6254
6255
6256
6257
6258
6259
6261
6262
6265
6266
6267
6269
6270
6271
6273
6274
6276
6278
6283
6284
6285
6287
6288
6289
6290
6293
6295
6296
6297
6298
6299
6300
6303
6306
6307
6308
6309
6310
6311
6312
6313
6314
6316
6317
6318
6319
6320
6322
6323
6324
6325
6326
6327
6329
6330
6331
6332
6333
6334
6335
6336
6337
6341
6343
6344
6345
6346
6347
6349
6350
6351
6352
6353
6354
6357
6358
6362
6363
6364
6365
6366
6368
6369
6370
6375
6376
6377
6378
6379
6380
6381
6382
6383
6385
6386
6387
6388
6390
6392
6393
6395
6396
6397
6398
6399
6400
6401
6402
6403
6406
6408
6409
6410
6411
6413
6414
6415
6417
6418
6420
6421
6422
6423
6424
6425
6426
6427
6428
6429
6430
6432
6433
6434
6435
6436
6437
6438
6439
6442
6443
6444
6445
6446
6447
6448
6450
6451
6453
6454
6455
6456
6457
6458
6459
6460
6461
6463
6464
6465
6466
6470
6471
6472
6473
6474
6476
6478
6479
6480
