1227
1228
1229
1231
1232
1233
1235
1237
1239
1240
1242
1244
1245
1246
1248
1249
1252
1253
1254
1255
1257
1258
1259
1260
1261
1263
1266
1267
1269
1270
1271
1273
1274
1275
1276
1277
1278
1279
1280
1283
1284
1285
1289
1292
1294
1295
1296
1297
1298
1299
1300
1301
1302
1303
1304
1305
1306
1309
1310
1311
1313
1314
1315
1316
1319
1320
1321
1323
1324
1326
1327
1329
1330
1331
1332
1335
1336
1338
1340
1341
1343
1344
1345
1346
1347
1348
1349
1350
1351
1352
1358
1359
1360
1362
1365
1367
1368
1370
1372
1373
1377
1378
1379
1380
1381
1382
1383
1384
1385
1386
1387
1389
1391
1393
1394
1395
1396
1398
1399
1400
1401
1403
1404
1405
1406
1407
1408
1409
1410
1411
1412
1413
1414
1415
1416
1417
1418
1419
1420
1421
1422
1423
1424
1426
1427
1428
1429
1430
1433
1434
1435
1438
1440
1441
1442
1443
1444
1445
1446
1447
1449
1450
1453
1454
1455
1456
1457
1458
1459
1460
1461
1463
1466
1468
1469
1470
1471
1472
1476
1478
1479
1480
1481
1482
1483
1485
1488
1489
1490
1491
1494
1496
1498
1499
1501
1502
1503
1508
1510
1511
1512
1513
1515
1516
1517
1518
1520
1521
1522
1523
1525
1526
1527
1528
1529
1530
1531
1532
1533
1534
