1128
1129
1130
1131
1132
1133
1135
1136
1137
1140
1141
1142
1143
1145
1146
1147
1148
1149
1150
1151
1152
1153
1154
1155
1156
1158
1160
1161
1162
1163
1164
1165
1166
1167
1168
1169
1171
1172
1173
1175
1177
1178
1179
1180
1182
1183
1184
1185
1187
1188
1189
1192
1195
1196
1197
1199
1200
1201
1202
1203
1205
1206
1207
1208
1209
1210
1211
1215
1216
1218
1219
1220
1221
1222
1223
1224
1225
1226
1228
1230
1233
1234
1235
1236
1237
1238
1239
1240
1242
1245
1247
1248
1249
1250
1251
1252
1253
1254
1255
1257
1258
1259
1260
1261
1262
1263
1264
1268
1269
1270
1272
1274
1275
1276
1277
1278
1279
1282
1283
1284
1285
1286
1287
1288
1290
1292
1293
1295
1297
1298
1299
1300
1301
1302
1303
1304
1306
1307
1309
1310
1311
1312
1313
1315
1318
1320
1322
1324
1326
1327
1328
1329
1330
1331
1332
1334
1340
1343
1344
1345
1346
1347
1348
1349
1350
1351
1353
1354
1355
1358
1363
1364
1365
1366
1368
1370
1372
1374
1375
1376
1377
1378
1379
1381
1383
1384
1386
1387
1389
1390
1393
1394
1396
1397
1398
1399
1402
1403
1404
1406
