7243
7244
7244
7244
7245
7246
7247
7247
7251
7252
7254
7255
7255
7256
7257
7258
7258
7258
7260
7261
7261
7264
7265
7265
7266
7268
7269
7269
7269
7270
7272
7273
7273
7274
7276
7277
7279
7279
7282
7284
7288
7289
7291
7291
7293
7299
7302
7303
7304
7305
7306
7307
7307
7309
7310
7311
7311
7312
7312
7313
7314
7316
7318
7320
7320
7320
7320
7320
7327
7328
7329
7331
7332
7332
7332
7336
7337
7337
7339
7341
7343
7346
7348
7351
7352
7353
7353
7360
7360
7362
7363
7367
7367
7368
7368
7369
7369
7377
7380
7380
7381
7381
7382
7383
7383
7383
7385
7386
7386
7387
7387
7387
7389
7390
7391
7392
7393
7395
7395
7397
7400
7401
7403
7403
7404
7404
7405
7407
7409
7410
7410
7411
7412
7413
7414
7415
7416
7417
7418
7420
7425
7425
7425
7426
7429
7431
7434
7435
7435
7435
7436
7437
7437
7438
7438
7439
7441
7443
7446
7447
7449
7449
7452
7452
7453
7455
7456
7458
7459
7460
7463
7467
7469
7469
7472
7472
7473
7474
7475
7477
7479
7479
7480
7480
7481
7483
7483
7485
7489
7490
7493
7494
7495
7497
7498
7499
7507
7511
7511
7513
7516
7518
7519
7520
7521
7521
7523
7526
7528
7528
7530
7532
7536
7537
7538
7540
7540
7545
7545
7546
7547
7550
7551
7553
7557
7558
7559
7559
7560
7562
7562
7562
7564
7565
7566
7567
7568
7569
7571
7572
7574
7574
7575
7575
7576
7577
7580
7581
7582
7582
7582
7582
7584
7586
7589
7590
7590
7592
7594
7594
7594
7595
7597
7597
7597
7599
7603
7603
7605
7607
7607
7611
7611
7613
7614
7614
7614
7616
7617
7621
7623
7624
7628
7628
7629
7629
7629
7629
7631
7632
7633
7633
7634
7634
7635
7635
7639
7642
7643
7644
7645
7647
7651
7651
7653
7654
7657
7659
7659
7659
7659
7661
7664
7666
7666
7666
7667
7668
7668
7670
7672
7677
7677
7678
7679
7682
7684
7684
7685
7687
7689
7689
7690
7690
7693
7693
7696
7696
7696
7705
7705
7706
7708
7708
7709
7709
7709
7710
7710
7710
7711
7715
7716
7716
7717
7718
7719
7720
7720
7724
7728
7728
7733
7738
7740
7740
7743
7746
7747
7747
7749
7749
7750
7752
7753
7754
7756
7756
7757
7759
7759
7760
7762
7762
7763
7763
7764
7767
7767
7768
7769
7770
7771
7772
7772
7773
7773
7774
7777
7781
7785
7787
7787
7787
7787
7789
7789
7789
7790
7791
7795
7795
7797
7797
7797
7800
7800
7801
7801
7801
7803
7806
7809
7809
7813
7814
7814
7815
7816
7819
7821
7824
7824
7826
7827
7827
7830
7833
7834
7836
7837
7839
7843
7843
7844
7845
7846
7846
7846
7847
7849
7849
7849
7850
7853
7854
7854
7855
7858
7860
7868
7868
7872
7873
7875
7877
7877
7879
7881
7881
7881
7885
7887
7887
7889
7889
7892
7892
7892
7893
7895
7895
7899
7899
7903
7904
7904
7906
7906
7907
7908
7908
7909
7910
7912
7912
7912
7914
7915
7916
7918
7918
7918
7918
7919
7919
7920
7921
7923
7925
7925
7927
7928
7928
7928
7929
7929
7930
7932
7932
7935
7936
7940
7943
7943
7945
7946
7947
7948
7948
7949
7950
7951
7952
7952
7953
7953
7955
7956
7956
7957
7959
7960
7962
7963
7963
7965
7966
7966
7967
7970
7971
7972
7972
7972
7973
7974
7975
7975
7975
7975
7983
7984
7988
7990
7990
7995
7995
7997
7997
7998
7999
8000
8001
8002
8004
8006
8008
8008
8009
8010
8011
8013
8013
8014
8014
8017
8018
8019
8020
8020
8021
8026
8027
8030
8031
8031
8033
8034
8036
8036
8038
8041
8041
8041
8043
8043
8044
8045
8049
8052
8054
8055
8055
8055
8056
8057
8057
8058
8058
8059
8062
8062
8063
8063
8064
8065
8067
8068
8071
8075
8078
8078
8079
8081
8083
8085
8089
8089
8092
8093
8093
8094
8095
8098
8099
8099
8100
8101
8104
8105
8105
8106
8106
8106
8107
8108
8110
8112
8114
8116
8119
8121
8130
8132
8135
8135
8136
8138
8140
8143
8146
8149
8149
8157
8159
8160
8161
8162
8164
8164
8164
8165
8166
8168
8168
8170
8173
8173
8174
8175
8177
8179
8181
8183
8183
8188
8189
8189
8190
8192
8192
8192
8193
8195
8195
8195
8196
8198
8199
8202
8203
8206
8208
8208
8209
8209
8212
8214
8215
8218
8219
8219
8220
8222
8223
8223
8227
8228
8230
8231
8231
8232
8233
8236
8237
8238
8238
8239
8239
8239
8240
8240
8240
8243
8245
8246
8247
8248
8249
8251
8252
8253
8253
8254
8254
8255
8256
8257
8258
8260
8261
8261
8263
8265
8265
8265
8265
8266
8269
8269
8269
8270
8271
8271
8272
8273
8274
8277
8278
8279
8279
8279
8279
8280
8292
8293
8297
8298
8300
8301
8304
8304
8306
8307
8307
8308
8311
8313
8314
8315
8316
8316
8316
8317
8318
8318
8318
8319
8320
8321
8324
8326
8328
8330
8331
8332
8334
8337
8340
8342
8344
8344
8345
8347
8349
8350
8358
8359
8363
8363
8364
8364
8364
8365
8366
8368
8371
8371
8375
8377
8377
8377
8377
8378
8378
8382
8383
8383
8385
8386
8386
8387
8388
8389
8390
8390
8391
8391
8392
8395
8398
8399
8400
8402
8403
8404
8405
8406
8407
8409
8409
8410
8412
8413
8414
8414
8415
8415
8415
8415
8416
8416
8417
8419
8421
8421
8422
8422
8425
8426
8426
8426
8428
8430
8432
8432
8433
8433
8435
8435
8436
8436
8436
8437
8438
8439
8441
8442
8442
8443
8448
8448
8453
8454
8454
8456
8458
8459
8460
8461
8462
8462
8464
8465
8465
8466
8467
8467
8467
8468
8469
8470
8471
8474
8474
8480
8483
8484
8484
8485
8485
8486
8486
8486
8491
8491
8493
8494
8495
8496
8499
8500
8501
8503
8504
8505
8505
8508
8509
8510
8510
8512
8513
8514
8519
8521
8522
8524
8524
8526
8527
8528
8529
8529
8530
8530
8531
8531
8532
8532
8532
8532
8534
8535
8536
8536
8537
8538
8539
8539
8543
8543
8543
8546
8546
8548
8549
8553
8555
8562
8564
8565
8568
8569
8572
8572
8572
8572
8573
8573
8573
8574
8576
8582
8583
8584
8590
8590
8590
8591
8592
8593
8593
8593
8594
8595
8596
8596
8597
8598
8600
8605
8607
8608
8609
8610
8611
8613
8614
8615
8615
8616
8618
8619
8619
8620
8622
8623
8623
8625
8625
8626
8628
8629
8629
8629
8630
8631
8633
8633
8634
8634
8635
8639
8639
8643
8644
8645
8648
8649
8650
8650
8650
8650
8651
8654
8656
8656
8657
8658
8658
8658
8659
8661
8663
8664
8664
8665
8668
8670
8671
8671
8672
8672
8673
8673
8675
8677
8677
8677
8678
8678
8680
8680
8682
8683
8683
8684
8684
8684
8685
8687
8688
8688
8688
8690
8691
8693
8693
8693
8694
8695
8695
8697
8699
8699
8700
8702
8705
8705
8705
8709
8713
8714
8714
8717
8718
8719
8724
8724
8725
8728
8729
8733
8734
8736
8737
8738
8738
8740
8741
8741
8743
8747
8748
8750
8751
8752
8757
8757
8757
8760
8762
8763
8763
8767
8768
8769
8771
8771
8774
8777
8780
8780
8785
8785
8787
8791
8793
8794
8796
8797
8797
8798
8800
8800
8801
8803
8803
8807
8807
8808
8810
8811
8814
8814
8816
8816
8817
8817
8820
8820
8820
8820
8821
8821
8825
8826
8827
8828
8828
8828
8831
8832
8834
8836
8837
8839
8839
8841
8843
8844
8845
8846
8847
8848
8849
8850
8851
8852
8855
8855
8858
8860
8862
8862
8862
8863
8866
8867
8869
8870
8870
8874
8876
8876
8879
8880
8882
8882
8884
8884
8886
8886
8887
8888
8890
8891
8892
8892
8893
8895
8898
8898
8900
8901
8901
8901
8901
8903
8903
8905
8905
8907
8908
8909
8909
8910
8910
8912
8915
8916
8917
8917
8917
8919
8919
8920
8921
8923
8926
8926
8927
8931
8933
8936
8941
8943
8943
8944
8945
8949
8950
8951
8953
8954
8955
8955
8956
8959
8959
8959
8959
8960
8960
8960
8961
8962
8963
8965
8965
8970
8970
8971
8975
8978
8978
8982
8983
8983
8984
8985
8986
8986
8987
8987
8988
8990
8993
8995
8995
8995
8996
8997
9000
9005
9009
9010
9012
9014
9015
9015
9017
9017
9019
9019
9021
9022
9026
9026
9027
9031
9033
9034
9034
9035
9035
9036
9037
9039
9042
9042
9042
9044
9044
9046
9051
9052
9052
9053
9054
9056
9058
9059
9060
9063
9066
9066
9069
9071
9071
9071
9073
9078
9079
9080
9082
9082
9082
9083
9084
9085
9085
9088
9090
9090
9092
9092
9094
9096
9096
9098
9101
9102
9103
9106
9106
9108
9111
9114
9117
9120
9122
9129
9131
9132
9132
9134
9135
9136
9137
9139
9139
9142
9143
9143
9145
9152
9153
9154
9157
9157
9157
9158
9158
9159
9160
9160
9161
9162
9162
9162
9163
9166
9166
9167
9168
9172
9172
9174
9174
9177
9178
9178
9179
9179
9181
9182
9184
9184
9185
9186
9188
9189
9191
9193
9195
9196
9201
9202
9202
9203
9203
9205
9206
9207
9207
9211
9211
9211
9214
9215
9215
9216
9218
9218
9219
9221
9222
9223
9225
9227
9228
9231
9232
9234
9236
9238
9240
9240
9241
9241
9242
9245
9245
9246
9246
9247
9247
9248
9252
9253
9253
9254
9254
9255
9255
9257
9257
9259
9260
9261
9262
9263
9265
9268
9270
9271
9275
9276
9278
9278
9278
9279
9282
9282
9283
9284
9286
9286
9287
9288
9288
9290
9290
9290
9290
9292
9294
9296
9299
9301
9301
9301
9302
9303
9306
9307
9307
9309
9310
9312
9314
9316
9317
9318
9318
9319
9319
9320
9320
9320
9321
9325
9326
9327
9329
9330
9331
9332
9334
9334
9338
9339
9339
9340
9341
9344
9345
9345
9346
9346
9346
9348
9349
9351
9351
9354
9354
9355
9358
9362
9362
9363
9364
9365
9366
9366
9367
9368
9368
9369
9369
9369
9370
9372
9375
9376
9380
9380
9382
9382
9382
9386
9386
9390
9390
9391
9393
9396
9396
9398
9402
9406
9407
9407
9408
9408
9409
9412
9413
9413
9414
9415
9417
9419
9423
9424
9426
9427
9429
9429
9432
9432
9434
9435
9436
9438
9441
9442
9443
9446
9448
9450
9451
9453
9455
9455
9456
9456
9456
9458
9460
9463
9464
9465
9465
9467
9467
9467
9468
9471
9472
9472
9472
9475
9475
9475
9476
9477
9479
9480
9481
9481
9482
9483
9483
9484
9485
9487
9489
9490
9491
9495
9496
9497
9498
9499
9500
9500
9500
9501
9501
9502
9502
9506
9506
9506
9508
9510
9514
9514
9515
9515
9517
9518
9519
9520
9523
9524
9526
9526
9527
9528
9529
9529
9530
9532
9535
9538
9539
9539
9540
9541
9542
9544
9547
9547
9550
9551
9551
9551
9552
9553
9555
9557
9560
9560
9561
9561
9564
9565
9567
9568
9572
9572
9577
9578
9581
9581
9582
9584
9584
9585
9587
9589
9589
9589
9591
9593
9593
9596
9599
9601
9601
9606
9608
9609
9610
9610
9614
9617
9619
9621
9623
9625
9625
9627
9632
9633
9634
9635
9636
9638
9638
9638
9641
9643
9643
9644
9645
9646
9647
9647
9648
9650
9651
9655
9655
9656
9656
9657
9657
9661
9662
9662
9664
9666
9668
9669
9670
9670
9671
9671
9672
9675
9678
9679
9680
9680
9681
9688
9688
9689
9690
9691
9691
9692
9693
9694
9694
9696
9698
9701
9701
9702
9704
9707
9708
9710
9711
9713
9716
9717
9717
9718
9718
9719
9719
9721
9722
9722
9722
9723
9724
9725
9728
9729
9729
9730
9731
9731
9732
9736
9738
9738
9740
9741
9743
9744
9745
9750
9756
9757
9759
9761
9762
9763
9764
9764
9766
9767
9767
9767
9768
9770
9770
9771
9772
9772
9772
9774
9774
9777
9779
9781
9784
9784
9785
9785
9788
9793
9793
9793
9795
9797
9797
9800
9801
9801
9802
9803
9803
9808
9808
9809
9811
9812
9813
9814
9814
9814
9816
9817
9817
9817
9817
9818
9818
9818
9819
9821
9822
9823
9825
9826
9828
9830
9832
9833
9834
9835
9837
9838
9838
9839
9844
9844
9845
9845
9847
9848
9849
9850
9851
9851
9851
9855
9858
9858
9860
9864
9864
9865
9865
9866
9866
9869
9869
9871
9873
9874
9877
9879
9880
9880
9881
9884
9885
9886
9887
9887
9887
9888
9889
9890
9891
9892
9893
9893
9894
9894
9895
9897
9898
9899
9900
9900
9900
9903
9903
9904
9905
9906
9907
9908
9909
9912
9914
9914
9914
9914
9915
9917
9918
9919
9919
9920
9920
9920
9921
9922
9923
9924
9927
9929
9930
9931
9932
9933
9936
9938
9939
9941
9941
9943
9946
9951
9952
9952
9953
9957
9959
9964
9964
9966
9966
9968
9968
9969
9970
9971
9971
9971
9972
9974
9975
9976
9982
9982
9982
9984
9986
9987
9987
9988
9990
9991
9992
9992
9994
9994
9994
9997
9998
9999
10000
10001
10005
10006
10006
10006
10008
10008
10008
10009
10010
10011
10012
10012
10014
10014
10016
10016
10017
10017
10019
10020
10020
10021
10022
10024
10024
10025
10025
10025
10027
10027
10028
10028
10028
10029
10030
10032
10033
10033
10034
10034
10035
10039
10042
10044
10045
10046
10047
10047
10049
10050
10050
10053
10053
10055
10055
10056
10058
10058
10059
10059
10061
10063
10068
10069
10072
10072
10076
10077
10078
10078
10079
10084
10085
10086
10088
10089
10090
10090
10091
10096
10098
10098
10099
10099
10100
10101
10102
10104
10110
10110
10110
10110
10113
10114
10117
10119
10121
10122
10122
10122
10122
10130
10131
10131
10132
10133
10134
10136
10136
10138
10140
10142
10143
10146
10146
10146
10148
10151
10151
10155
10157
10158
10160
10162
10164
10167
10171
10171
10172
10173
10173
10180
10180
10182
10182
10184
10184
10185
10187
10187
10190
10195
10196
10197
10200
10201
10204
10204
10205
10206
10207
10208
10208
10210
10211
10212
10214
10214
10214
10214
10216
10219
10220
10221
10222
10224
10224
10224
10228
10229
10233
10234
10234
10235
10236
10236
10237
10238
10239
10247
10251
10252
10253
10255
10256
10260
10260
10263
10267
10270
10271
10273
10274
10276
10276
10277
10277
10280
10281
10283
10283
10285
10286
10286
10286
10289
10289
10289
10290
10291
10293
10294
10298
10302
10304
10305
10305
10306
10307
10307
10307
10308
10308
10308
10309
10309
10309
10311
10311
10312
10313
10315
10317
10317
10319
10321
10322
10323
10323
10323
10326
10326
10327
10327
10328
10329
10330
10331
10333
10333
10336
10336
10337
10340
10342
10342
10342
10345
10347
10348
10349
10350
10351
10352
10352
10352
10355
10355
10356
10357
10360
10363
10363
10365
10374
10374
10375
10375
10377
10377
10378
10381
10385
10386
10386
10387
10387
10387
10388
10390
10391
10393
10393
10393
10396
10397
10398
10398
10399
10401
10403
10404
10405
10405
10409
10409
10409
10412
10412
10412
10413
10414
10416
10419
10420
10420
10421
10421
10424
10424
10425
10426
10427
10427
10428
10429
10430
10430
10431
10431
10432
10433
10433
10435
10440
10441
10442
10443
10444
10446
10449
10449
10450
10453
10454
10455
10458
10460
10460
10461
10462
10462
10463
10464
10465
10466
10467
10469
10470
10470
10471
10471
10474
10474
10475
10478
10479
10479
10480
10480
10480
10480
10481
10483
10483
10484
10489
10491
10491
10491
10493
10495
10500
10500
10504
10504
10506
10507
10508
10511
10512
10513
10515
10517
10518
10518
10520
10521
10521
10521
10522
10522
10526
10528
10529
10531
10533
10533
10534
10536
10541
10541
10542
10544
10548
10549
10551
10557
10559
10561
10562
10562
10563
10564
10567
10570
10571
10572
10576
10577
10578
10579
10580
10580
10581
10581
10583
10585
10586
10587
10589
10590
10593
10593
10594
10597
10597
10598
10599
10600
10600
10604
10605
10606
10608
10608
10608
10609
10609
10610
10614
10616
10617
10617
10618
10618
10623
10628
10629
10629
10630
10631
10639
10640
10641
10642
10646
10646
10651
10652
10652
10654
10655
10657
10659
10660
10661
10662
10662
10664
10665
10665
10668
10669
10669
10669
10673
10673
10673
10677
10679
10680
10680
10683
10687
10688
10689
10690
10691
10692
10693
10695
10696
10698
10700
10702
10703
10704
10704
10706
10707
10713
10714
10714
10717
10722
10722
10722
10723
10723
10723
10726
10729
10730
10731
10732
10736
10738
10739
10739
10740
10741
10742
10743
10744
10744
10744
10745
10745
10745
10747
10748
10748
10750
10750
10750
10751
10751
10751
10751
10755
10755
10757
10757
10759
10760
10761
10761
10761
10762
10763
10763
10764
10765
10765
10765
10767
10769
10771
10772
10773
10773
10776
10776
10777
10777
10778
10779
10780
10781
10781
10783
10786
10788
10789
10790
10792
10792
10793
10794
10794
10795
10797
10797
10802
10802
10803
10804
10807
10808
10808
10809
10810
10810
10811
10811
10812
10812
10814
10814
10815
10816
10816
10818
10819
10821
10827
10830
10831
10831
10832
10833
10833
10838
10838
10838
10841
10842
10842
10843
10843
10843
10845
10845
10845
10847
10850
10850
10852
10854
10854
10856
10857
10858
10859
10859
10860
10861
10862
10862
10865
10865
10866
10868
10868
10868
10870
10871
10872
10873
10874
10874
10875
10880
10880
10881
10881
10883
10883
10886
10889
10890
10891
10891
10892
10895
10895
10897
10897
10899
10899
10900
10905
10907
10907
10910
10910
10912
10915
10915
10917
10923
10924
10924
10928
10928
10929
10931
10931
10931
10932
10933
10934
10935
10935
10935
10936
10938
10938
10939
10939
10941
10943
10943
10943
10946
10946
10949
10950
10951
10954
10955
10955
10956
10958
10958
10959
10965
10965
10968
10969
10969
10969
10971
10973
10974
10975
10975
10976
10976
10977
10980
10981
10982
10983
10983
10983
10984
10984
10986
10989
10992
10993
10994
10995
10997
10997
11001
11002
11002
11002
11003
11003
11006
11007
11008
11013
11014
11016
11016
11017
11020
11026
11027
11028
11029
11029
11030
11032
11034
11036
11036
11036
11037
11037
11038
11040
11042
11043
11043
11044
11046
11050
11050
11051
11051
11051
11055
11056
11057
11058
11058
11058
11059
11059
11061
11063
11065
11066
11070
11072
11072
11072
11073
11073
11076
11078
11078
11079
11079
11079
11081
11081
11082
11084
11084
11085
11085
11085
11086
11086
11088
11088
11088
11089
11089
11089
11090
11093
11093
11096
11100
11102
11105
11107
11108
11109
11109
11109
11110
11112
11113
11114
11115
11116
11117
11118
11118
11118
11119
11119
11119
11120
11120
11121
11123
11126
11128
11130
11131
11133
11134
11136
11136
11136
11138
11138
11141
11142
11143
11143
