1038
1039
1039
1041
1044
1048
1049
1050
1050
1050
1052
1054
1055
1055
1056
1056
1057
1058
1059
1062
1062
1064
1065
1065
1065
1065
1066
1068
1068
1069
1070
1071
1072
1076
1077
1077
1078
1079
1080
1080
1081
1081
1082
1084
1085
1085
1085
1086
1087
1088
1090
1090
1090
1091
1091
1091
1092
1095
1096
1097
1100
1102
1105
1108
1108
1108
1112
1112
1112
1113
1115
1116
1118
1119
1119
1119
1121
1122
1123
1125
1125
1127
1129
1129
1129
1131
1131
1137
1137
1141
1144
1146
1148
1153
1155
1156
1163
1165
1168
1168
