5509
5510
5510
5512
5514
5515
5515
5517
5520
5520
5520
5525
5526
5528
5529
5533
5534
5535
5536
5536
5537
5539
5539
5541
5541
5541
5541
5542
5544
5549
5549
5551
5552
5553
5554
5555
5555
5556
5557
5557
5557
5559
5560
5561
5561
5563
5564
5565
5569
5570
5570
5570
5571
5575
5576
5579
5579
5579
5581
5583
5584
5584
5587
5588
5589
5589
5591
5591
5593
5595
5597
5598
5598
5598
5599
5599
5599
5600
5600
5601
5602
5604
5604
5606
5607
5610
5610
5611
5611
5613
5614
5614
5615
5615
5616
5616
5617
5618
5620
5621
5622
5622
5623
5623
5624
5625
5626
5628
5629
5630
5631
5632
5632
5635
5635
5636
5636
5637
5640
5640
5640
5644
5645
5647
5650
5650
5654
5656
5658
5659
5663
5665
5665
5668
5669
5669
5670
5671
5674
5675
5675
5675
5676
5678
5678
5681
5681
5681
5682
5686
5686
5691
5692
5692
5695
5696
5696
5697
5697
5698
5703
5703
5704
5706
5707
5708
5712
5712
5714
5714
5714
5714
5715
5716
5716
5717
5719
5720
5720
5721
5725
5726
5727
5728
5729
5730
5731
5731
5732
5732
5733
5734
5736
5737
5738
5739
5740
5740
5741
5743
5745
5746
5746
5747
5748
5748
5749
5749
5750
5752
5756
5757
5757
5759
5761
5763
5764
5765
5766
5766
5767
5768
5768
5769
5769
5769
5769
5769
5771
5771
5772
5772
5773
5777
5779
5781
5781
5781
5781
5782
5783
5784
5785
5786
5786
5787
5787
5788
5791
5794
5797
5800
5800
5801
5802
5803
5806
5806
5806
5809
5809
5809
5811
5811
5811
5811
5811
5812
5813
5815
5816
5818
5818
5818
5821
5821
5822
5822
5823
5825
5826
5826
5827
5827
5828
5829
5829
5830
5831
5833
5835
5837
5838
5838
5841
5843
5845
5845
5846
5847
5847
5849
5849
5849
5849
5850
5852
5853
5853
5857
5858
5859
5863
5863
5863
5863
5864
5865
5867
5871
5872
5876
5876
5876
5877
5880
5881
5881
5885
5887
5890
5891
5891
5894
5894
5900
5900
5900
5900
5903
5903
5905
5907
5910
5912
5915
5916
5917
5918
5919
5919
5922
5923
5923
5923
5924
5924
5925
5925
5925
5927
5928
5928
5929
5931
5932
5933
5943
5945
5946
5949
5954
5955
5957
5960
5962
5963
5964
5964
5966
5966
5967
5967
5969
5969
5971
5978
5979
5984
5985
5985
5987
5988
5988
5989
5989
5991
5992
5993
5995
5996
5997
5997
5997
5997
5998
6000
6000
6000
6003
6003
6005
6006
6006
6009
6009
6009
6011
6012
6013
6014
6016
6016
6019
6019
6019
6023
6023
6023
6025
6027
6030
6032
6032
6033
6033
6034
6034
6036
6037
6041
6044
6046
6046
6047
6048
6050
6051
6053
6053
6053
6054
6056
6056
6057
6059
6062
6063
6064
6065
6066
6068
6069
6069
6071
6073
6073
6075
6078
6079
6081
6082
6084
6088
6093
6093
6095
6096
6098
6099
6099
6100
6100
6100
6103
6104
6106
6106
6107
6108
6110
6112
6113
6114
6114
6117
6117
6119
6120
6120
6122
6123
6124
6124
6125
6126
6126
6129
6134
6137
6137
6137
6137
6137
6139
6139
6142
6142
6143
6143
6143
6144
6144
6146
6146
6148
6148
6152
6153
6154
6154
6155
6156
6158
6159
6160
6160
6162
6163
6164
6164
6166
6166
6167
6167
6168
6169
6174
6175
6176
6176
6177
6182
6185
6185
6187
6189
6189
6190
6192
6192
6192
6192
6193
6193
6195
6196
6196
6197
6197
6198
6204
6206
6206
6208
6209
6211
6211
6213
6214
6214
6215
6215
6215
6216
6218
6219
6219
6219
6221
6225
6227
6228
6229
6230
6230
6231
6231
6235
6236
6241
6243
6244
6247
6248
6248
6250
6251
6251
6251
6252
6254
6260
6260
6260
6261
6261
6262
6263
6263
6265
6265
6265
6268
6269
6270
6271
6271
6273
6274
6274
6274
6275
6275
6276
6278
6280
6281
6281
6283
6285
6285
6286
6289
6289
6291
6291
6293
6296
6298
6299
6299
6300
6301
6301
6304
6304
6308
6310
6313
6315
6317
6317
6317
6318
6319
6320
6327
6328
6332
6332
6334
6334
6334
6335
6336
6336
6339
6339
6342
6344
6344
6347
6348
6350
6352
6353
6355
6355
6355
6360
6360
6360
6361
6362
6362
6364
6366
6373
6374
6375
6376
6380
6382
6382
6383
6384
6384
6384
6385
6388
6388
6389
6392
6392
6393
6397
6399
6399
6402
6404
6407
6411
6413
6414
6415
6415
6416
6420
6420
6423
6424
6425
6426
6427
6430
6431
6431
6434
6434
6437
6437
6439
6440
6443
6443
6446
6447
6451
6452
6453
6456
6458
6460
6462
6463
6465
6465
6466
6467
6468
6469
6470
6472
6473
6474
6475
6475
6477
6477
6477
6478
6478
6479
6483
6484
6484
6489
6490
6491
6493
6493
6496
6497
6498
6499
6501
6503
6504
6505
6506
6509
6509
6513
6514
6516
6522
6522
6523
6525
6526
6526
6528
6529
6530
6530
6531
6534
6537
6537
6537
6537
6538
6539
6539
6539
6539
6542
6543
6546
6547
6548
6548
6549
6550
6550
6551
6552
6552
6554
6555
6556
6556
6557
6557
6558
6561
6561
6562
6563
6566
6570
6572
6574
6574
6576
6577
6578
6580
6583
6587
6587
6587
6588
6588
6588
6590
6591
6594
6598
6600
6600
6603
6604
6605
6607
6608
6608
6608
6609
6612
6614
6614
6614
6617
6617
6619
6619
6619
6623
6623
6623
6624
6624
6624
6627
6627
6631
6631
6632
6633
6639
6640
6640
6646
6647
6647
6649
6649
6650
6651
6652
6653
6654
6654
6656
6657
6657
6659
6661
6667
6667
6668
6669
6671
6673
6673
6674
6674
6674
6675
6676
6677
6681
6683
6683
6688
6688
6690
6690
6691
6692
6692
6693
6693
6694
6695
6696
6698
6701
6702
6705
6707
6708
6709
6710
6713
6713
6714
6717
6718
6719
6720
6720
6721
6721
6722
6722
6722
6724
6727
6727
6728
6737
6738
6740
6740
6741
6743
6744
6746
6748
6748
6754
6754
6755
6755
6760
6763
6765
6765
6766
6767
6769
6770
6770
6775
6776
6777
6777
6780
6781
6781
6784
6786
6786
6787
6788
6789
6789
6791
6793
6793
6794
6795
6796
6799
6799
6799
6802
6802
6804
6809
6813
6813
6815
6817
6817
6819
6819
6822
6822
6822
6824
6826
6827
6827
6828
6829
6830
6831
6831
6832
6832
6834
6834
6836
6836
6838
6838
6839
6840
6842
6845
6845
6848
6849
6851
6852
6853
6857
6858
6859
6861
6861
6865
6866
6866
6867
6869
6869
6870
6871
6871
6872
6873
6874
6875
6877
6877
6878
6880
6885
6888
6888
6888
6889
6891
6892
6892
6894
6897
6898
6899
6899
6900
6901
6902
6902
6902
6904
6909
6909
6909
6909
6909
6909
6910
6912
6912
6912
6921
6924
6924
6924
6924
6924
6927
6932
6932
6932
6935
6936
6937
6939
6942
6942
6944
6945
6946
6947
6948
6951
6955
6955
6968
6968
6972
6973
6975
6978
6981
6982
6983
6984
6986
6987
6987
6987
6988
6989
6990
6990
6994
6995
6997
6997
6998
6999
7000
7001
7001
7001
7003
7003
7004
7005
7005
7007
7008
7012
7012
7013
7013
7015
7016
7016
7018
7019
7019
7021
7022
7023
7023
7024
7024
7027
7029
7032
7033
7038
7038
7043
7050
7051
7051
7052
7052
7053
7056
7057
7058
7058
7059
7059
7061
7063
7065
7065
7065
7068
7069
7075
7076
7076
7076
7078
7078
7079
7084
7084
7085
7086
7087
7089
7090
7090
7093
7093
7094
7094
7094
7095
7095
7097
7097
7097
7099
7099
7100
7100
7102
7105
7106
7107
7111
7114
7114
7116
7116
7116
7117
7118
7120
7120
7121
7122
7123
7126
7128
7130
7131
7137
7139
7140
7140
7143
7144
7147
7147
7147
7150
7152
7152
7153
7153
7153
7154
7154
7155
7157
7158
7158
7159
7161
7161
7162
7162
7165
7170
7170
7171
7171
7172
7173
7174
7175
7176
7177
7180
7182
7185
7189
7189
7189
7190
7193
7193
7194
7195
7195
7196
7196
7198
7198
7199
7200
7200
7200
7201
7201
7204
7205
7205
7205
7206
7208
7209
7210
7210
7211
7212
7212
7212
7213
7215
7215
7215
7217
7219
7219
7220
7220
7224
7226
7226
7228
7228
7229
7231
7232
7234
7238
7238
7239
7239
7241
7241
7245
7247
7252
7255
7257
7260
7263
7266
7268
7270
7270
7273
7279
7279
7280
7284
7289
7291
7293
7293
7295
7295
7296
7299
7299
7303
7304
7304
7304
7306
7308
7308
7311
7312
7313
7314
7314
7315
7317
7317
7319
7320
7321
7323
7323
7323
7325
7327
7329
7329
7329
7330
7330
7331
7331
7331
7331
7332
7333
7333
7335
7336
7337
7338
7340
7340
7343
7344
7348
7350
7350
7357
7357
7357
7359
7359
7360
7360
7361
7361
7361
7364
7368
7368
7369
7371
7371
7371
7371
7372
7372
7374
7374
7375
7379
7384
7393
7393
7396
7397
7397
7398
7401
7403
7408
7408
7411
7414
7416
7417
7418
7419
7422
7423
7423
7423
7425
7429
7430
7430
7430
7430
7435
7435
7436
7438
7440
7440
7441
7443
7446
7448
7449
7453
7455
7456
7457
7457
7457
7460
7461
7461
7461
7462
7464
7464
7467
7468
7471
7471
7474
7474
7476
7477
7478
7479
7479
7482
7482
7482
7483
7484
7485
7486
7486
7487
7488
7489
7491
7491
7491
7492
7492
7493
7493
7494
7495
7496
7496
7497
7498
7498
7498
7500
7503
7503
7505
7506
7507
7511
7513
7513
7514
7515
7516
7517
7518
7521
7521
7521
7522
7522
7525
7527
7528
7533
7534
7534
7536
7537
7539
7540
7541
7541
7541
7541
7544
7545
7545
7546
7547
7549
7549
7554
7555
7558
7558
7558
7559
7560
7562
7562
7563
7564
7568
7568
7573
7575
7575
7577
7577
7579
7581
7582
7583
7589
7592
7595
7597
7598
7598
7601
7601
7604
7605
7605
7608
7609
7610
7612
7613
7614
7614
7614
7615
7616
7619
7619
7620
7621
7624
7624
7625
7625
7626
7629
7630
7631
7631
7632
7633
7634
7635
7638
7639
7642
7645
7645
7646
7647
7647
7648
7648
7649
7649
7651
7652
7652
7656
7656
7657
7658
7659
7661
7662
7662
7666
7666
7667
7667
7668
7669
7670
7671
7673
7674
7674
7676
7677
7678
7679
7682
7682
7683
7683
7688
7689
7691
7694
7695
7696
7697
7698
7698
7701
7704
7706
7707
7708
7713
7715
7721
7722
7722
7723
7724
7725
7726
7727
7729
7732
7735
7736
7741
7742
7744
7745
7745
7745
7745
7746
7751
7751
7751
7753
7753
7754
7755
7756
7758
7758
7758
7758
7759
7762
7764
7765
7765
7767
7772
7773
7774
7774
7775
7776
7777
7778
7778
7780
7780
7781
7782
7785
7786
7786
7788
7788
7789
7790
7790
7791
7791
7793
7793
7793
7794
7794
7794
7795
7795
7796
7796
7798
7801
7801
7803
7803
7803
7805
7808
7808
7810
7810
7811
7811
7812
7816
7816
7817
7818
7818
7818
7823
7823
7825
7827
7828
7829
7829
7829
7835
7835
7835
7838
7839
7840
7841
7843
7843
7848
7848
7848
7851
7852
7853
7857
7859
7861
7867
7867
7869
7870
7870
7871
7871
7876
7876
7877
7879
7880
7881
7883
7883
7884
7884
7884
7885
7886
7888
7889
7890
7891
7892
7893
7894
7895
7897
7898
7902
7902
7903
7903
7903
7903
7904
7904
7905
7905
7907
7909
7911
7911
7912
7912
7915
7915
7917
7918
7925
7925
7926
7931
7931
7934
7935
7935
7935
7937
7937
7939
7942
7943
7945
7946
7948
7948
7949
7951
7952
7955
7955
7955
7956
7958
7959
7959
7962
7964
7964
7966
7966
7968
7969
7970
7970
7971
7974
7975
7975
7975
7979
7979
7980
7982
7984
7985
7985
7986
7986
7987
7987
7987
7987
7988
7988
7989
7990
7993
7994
7994
7996
7997
7997
7997
8001
8003
8004
8005
8005
8005
8009
8011
8012
8016
8017
8017
8018
8018
8025
8025
8026
8026
8030
8032
8033
8034
8035
8035
8036
8037
8038
8040
8040
8041
8041
8042
8043
8044
8045
8045
8045
8054
8058
8059
8062
8063
8064
8066
8069
8070
8072
8073
8073
8074
8074
8074
8075
8078
8078
8079
8080
8080
8083
8085
8088
8090
8090
8091
8092
8093
8093
8094
8095
8097
8099
8099
8101
8102
8102
8104
8107
8109
